VALUES
10
1738000
1
1
-9.0882923650771e-05
8.4954064857652e-11
3.4670944268756e-05
-3.1974039070981e-06
2.6367948585301e-05
1.41715382673e-05
1.2275202024553e-05
3.2347924522417e-06
-6.0134612265187e-06
-7.1161737190123e-06
-1.3499173662211e-06
-6.0069115393815e-06
-2.237818692163e-07
-1.0116123460056e-06
4.3995350687644e-06
4.6619443222845e-07
2.7542004508342e-06
3.1107298179928e-06
3.8184191011809e-06
1.5282769193243e-06
-4.3973005721118e-06
-3.3175420296933e-06
3.4122057961179e-07
1.4543741845815e-06
-4.6842414195666e-06
5.5933881887179e-06
7.4716915273387e-06
-6.5012294054409e-07
5.9942806310729e-07
-8.4369454620858e-07
-2.0682821988196e-07
-1.0653045588942e-06
-1.8202645695564e-06
2.3468300594816e-06
4.1735904924527e-09
3.009322148984e-06
-1.8890482916189e-06
3.4086972282043e-06
-1.2480443032891e-06
-1.6604388534337e-06
-1.5096535588051e-06
-2.4856047110162e-06
-3.5309168027709e-06
1.8669553929177e-06
1.9278233348017e-06
-1.992405980865e-06
-1.8844446646799e-06
-1.5625329078794e-06
-2.127247623504e-06
-3.9147654404178e-06
-1.3120131964316e-06
-9.3845174513187e-07
-1.0693030527494e-06
8.4159368653515e-07
3.5724806130491e-07
4.8420723887254e-07
-3.5729639461408e-06
6.9968312874901e-07
-1.2729202501495e-07
-3.9986333292041e-06
-3.5593958827044e-06
-4.7531502123434e-06
9.4791164082371e-07
9.7726994478963e-10
-2.4064244523445e-10
5.4545621847344e-06
4.8779443647939e-06
-1.7743747889595e-06
1.6643327702085e-06
-6.7770230383514e-06
-1.3444991147298e-05
3.9266111458205e-06
-4.1189034337587e-06
1.0571040222894e-06
8.6988722731551e-06
6.7624331748839e-08
-2.7545431341824e-06
-2.5995934726699e-06
-2.1676869353337e-06
-3.4274097833201e-06
-4.0580193556196e-06
-1.0341804065343e-05
7.2298542235022e-06
-1.1974837275945e-07
2.4111005879337e-06
2.3573269328809e-06
7.5651532118738e-07
1.0693087986911e-06
1.1004282428111e-06
-1.5999965833572e-06
1.0980290732908e-06
1.930565559987e-06
9.5448280394919e-07
-5.2824948185726e-07
2.918571282019e-06
-2.1146631041151e-06
3.2688520883962e-06
2.1164273548016e-06
8.1043932783699e-08
-1.3875730461354e-06
2.2017550562941e-06
-1.4257775767863e-06
-3.5246651247687e-06
-3.0026614544827e-06
-1.0679999972574e-07
-2.2034244966335e-06
2.4881863339179e-06
-9.5407096240834e-07
-2.6511994151809e-07
6.6882721655959e-07
1.5789358404836e-06
-3.1456910319041e-07
-2.0952854659298e-06
-9.1073923383551e-07
2.848879439449e-06
-5.151847945629e-08
-1.7194222119132e-06
