VALUES
90
6378136.3
1
1
1.1743e-10
4.3052e-11
3.6829e-11
1.3062e-11
7.7315e-12
1.1804e-11
2.3501e-11
6.7901e-12
5.3011e-12
7.6431e-12
1.2871e-11
1.3463e-11
3.2223e-12
2.562e-12
3.3753e-12
6.285e-12
7.9149e-12
1.2295e-11
3.2308e-12
2.5304e-12
3.2165e-12
4.304e-12
4.4482e-12
6.7698e-12
7.3072e-12
2.0195e-12
1.579e-12
1.9125e-12
3.0527e-12
2.9853e-12
3.4302e-12
6.1243e-12
6.2902e-12
2.204e-12
1.7076e-12
2.0275e-12
2.4049e-12
2.4392e-12
2.7191e-12
3.5479e-12
4.6215e-12
5.3663e-12
1.5897e-12
1.2279e-12
1.4193e-12
1.9554e-12
1.7531e-12
2.1085e-12
3.0625e-12
2.4278e-12
4.6575e-12
4.0009e-12
1.6565e-12
1.2727e-12
1.4529e-12
1.5875e-12
1.5646e-12
1.6172e-12
2.1695e-12
1.8866e-12
3.3984e-12
3.3885e-12
3.6623e-12
1.3945e-12
1.0701e-12
1.2009e-12
1.4737e-12
1.2967e-12
1.5614e-12
1.9497e-12
1.5873e-12
2.6908e-12
2.1265e-12
3.1495e-12
3.2645e-12
1.2987e-12
9.9292e-13
1.1054e-12
1.1408e-12
1.0995e-12
1.1273e-12
1.3907e-12
1.0659e-12
2.3039e-12
1.4891e-12
2.2675e-12
2.9581e-12
3.2032e-12
1.1023e-12
8.4184e-13
9.2732e-13
1.0426e-12
9.2081e-13
1.0748e-12
1.2307e-12
9.9771e-13
1.7262e-12
1.3324e-12
1.5032e-12
1.9301e-12
2.7421e-12
3.1705e-12
9.5871e-13
7.303e-13
7.9985e-13
7.9233e-13
7.5132e-13
7.6798e-13
8.7328e-13
6.9324e-13
1.3868e-12
7.9391e-13
1.5237e-12
1.2826e-12
1.8697e-12
2.8964e-12
2.9354e-12
7.4525e-13
5.6718e-13
6.1682e-13
6.5034e-13
5.7865e-13
6.4818e-13
7.0841e-13
5.6464e-13
1.0198e-12
6.9903e-13
8.7693e-13
1.1357e-12
1.0662e-12
1.7796e-12
2.6515e-12
3.1803e-12
7.0693e-13
5.3719e-13
5.8156e-13
5.5933e-13
5.2372e-13
5.3017e-13
5.7034e-13
4.8008e-13
8.4804e-13
5.0948e-13
9.2898e-13
7.3458e-13
1.279e-12
1.2397e-12
1.9136e-12
3.1826e-12
1.8243e-12
7.1959e-13
5.4646e-13
5.8869e-13
5.9238e-13
5.3e-13
5.6962e-13
6.0732e-13
4.7765e-13
8.8065e-13
5.3752e-13
8.0311e-13
8.6718e-13
8.897e-13
1.5783e-12
1.444e-12
2.3506e-12
2.3785e-12
1.159e-12
6.934e-13
5.2594e-13
5.647e-13
5.3132e-13
4.9255e-13
4.9142e-13
5.1126e-13
4.4707e-13
7.154e-13
4.6268e-13
7.5426e-13
6.3961e-13
1.0213e-12
1.0347e-12
1.789e-12
1.6464e-12
1.7023e-12
1.5911e-12
1.9301e-12
6.616e-13
5.0163e-13
5.3663e-13
5.2184e-13
4.6828e-13
4.8484e-13
5.0977e-13
3.9819e-13
7.3255e-13
4.136e-13
6.9618e-13
6.2648e-13
7.8918e-13
1.1699e-12
1.1622e-12
2.0262e-12
1.1773e-12
1.0815e-12
2.087e-12
1.1816e-12
6.2722e-13
4.7505e-13
5.0699e-13
4.6919e-13
4.3135e-13
4.2326e-13
4.3216e-13
3.8422e-13
5.7718e-13
3.9231e-13
5.8337e-13
5.2666e-13
7.4511e-13
8.8136e-13
1.2977e-12
1.2614e-12
1.4981e-12
7.3555e-13
1.626e-12
1.7271e-12
1.4404e-12
6.0923e-13
4.613e-13
4.9097e-13
4.6549e-13
4.1804e-13
4.1921e-13
4.3693e-13
3.4045e-13
6.1621e-13
3.3583e-13
5.9705e-13
4.6957e-13
6.8931e-13
8.528e-13
1.049e-12
1.5405e-12
9.8847e-13
9.1601e-13
9.551e-13
1.1675e-12
1.7572e-12
1.4614e-12
5.5612e-13
4.208e-13
4.4697e-13
4.0853e-13
3.7285e-13
3.5988e-13
3.6371e-13
3.2381e-13
4.6972e-13
3.2687e-13
4.5948e-13
4.2562e-13
5.5444e-13
7.22e-13
8.9633e-13
1.1143e-12
1.0714e-12
6.2066e-13
1.34e-12
7.5274e-13
1.2786e-12
1.9924e-12
1.1257e-12
5.4742e-13
4.1408e-13
4.3896e-13
4.0836e-13
3.6648e-13
3.5777e-13
3.7053e-13
2.8879e-13
5.1051e-13
2.7713e-13
4.9703e-13
3.6219e-13
5.7576e-13
6.2406e-13
8.9419e-13
1.1299e-12
9.0833e-13
6.6306e-13
8.5089e-13
9.2475e-13
7.337e-13
1.4205e-12
1.5965e-12
1.4285e-12
5.1564e-13
3.8984e-13
4.1256e-13
3.7346e-13
3.3871e-13
3.2189e-13
3.2348e-13
2.859e-13
4.079e-13
2.8523e-13
3.9036e-13
3.6047e-13
4.5531e-13
6.0513e-13
6.7205e-13
9.9338e-13
7.7177e-13
6.0446e-13
9.9495e-13
6.7564e-13
1.0571e-12
8.8736e-13
1.2051e-12
1.9701e-12
9.18e-13
5.294e-13
4.0014e-13
4.2282e-13
3.8776e-13
3.4742e-13
3.317e-13
3.4175e-13
2.6662e-13
4.5923e-13
2.5281e-13
4.4534e-13
3.1617e-13
5.1317e-13
5.1604e-13
7.9509e-13
9.1987e-13
8.4731e-13
5.227e-13
8.7688e-13
7.0074e-13
7.4894e-13
1.1693e-12
6.9646e-13
1.5652e-12
1.4353e-12
8.2378e-13
5.3658e-13
4.0537e-13
4.2779e-13
3.8427e-13
3.4666e-13
3.2483e-13
3.2527e-13
2.8412e-13
4.0296e-13
2.8006e-13
3.803e-13
3.4459e-13
4.3875e-13
5.6439e-13
6.074e-13
9.5605e-13
6.43e-13
6.0909e-13
8.2821e-13
7.6187e-13
8.5636e-13
9.1092e-13
1.0846e-12
9.7202e-13
1.2158e-12
1.2322e-12
1.0098e-12
5.0813e-13
3.838e-13
4.0453e-13
3.6693e-13
3.2803e-13
3.0756e-13
3.1529e-13
2.4618e-13
4.1346e-13
2.3245e-13
3.9723e-13
2.8405e-13
4.5375e-13
4.4451e-13
6.9127e-13
7.7468e-13
7.4893e-13
4.3197e-13
8.1743e-13
5.5267e-13
8.0406e-13
8.4844e-13
7.1771e-13
1.2607e-12
6.2423e-13
9.3365e-13
1.4861e-12
1.1531e-12
4.9791e-13
3.7596e-13
3.9581e-13
3.5342e-13
3.1729e-13
2.9365e-13
2.9332e-13
2.5274e-13
3.5815e-13
2.4616e-13
3.3484e-13
2.9608e-13
3.875e-13
4.7029e-13
5.2358e-13
8.0364e-13
5.1201e-13
5.1757e-13
6.5252e-13
6.9641e-13
6.3714e-13
9.3107e-13
7.5675e-13
9.1624e-13
9.5623e-13
5.5049e-13
1.2526e-12
1.6574e-12
7.0548e-13
5.1756e-13
3.9071e-13
4.1095e-13
3.6961e-13
3.2961e-13
3.0445e-13
3.1063e-13
2.4267e-13
3.9802e-13
2.2874e-13
3.7782e-13
2.7667e-13
4.276e-13
4.2124e-13
6.3585e-13
7.1713e-13
6.8581e-13
3.9806e-13
7.6447e-13
5.0375e-13
8.1152e-13
7.0801e-13
8.2779e-13
9.3824e-13
6.8176e-13
7.949e-13
7.0946e-13
1.4487e-12
1.1362e-12
9.7943e-13
4.8845e-13
3.6865e-13
3.8737e-13
3.442e-13
3.0772e-13
2.8172e-13
2.8081e-13
2.386e-13
3.3866e-13
2.2974e-13
3.1413e-13
2.7136e-13
3.6673e-13
4.1795e-13
4.9691e-13
7.0914e-13
4.6291e-13
4.5174e-13
5.811e-13
6.3154e-13
5.4905e-13
9.0804e-13
5.8758e-13
9.9136e-13
6.8252e-13
5.3917e-13
1.0364e-12
7.9719e-13
9.3715e-13
1.3599e-12
1.3397e-12
4.4182e-13
3.3338e-13
3.5006e-13
3.1274e-13
2.7819e-13
2.5384e-13
2.5776e-13
2.0137e-13
3.2326e-13
1.896e-13
3.0283e-13
2.2826e-13
3.3991e-13
3.4203e-13
4.9255e-13
5.6985e-13
5.2191e-13
3.1633e-13
5.8427e-13
4.0507e-13
6.406e-13
5.6019e-13
7.0192e-13
6.4879e-13
6.5253e-13
4.81e-13
6.3865e-13
1.0381e-12
4.6733e-13
1.0656e-12
1.6598e-12
1.5709e-12
4.1696e-13
3.1456e-13
3.3002e-13
2.9207e-13
2.6017e-13
2.3596e-13
2.3472e-13
1.9679e-13
2.7986e-13
1.8743e-13
2.5771e-13
2.1831e-13
3.0348e-13
3.2722e-13
4.1722e-13
5.457e-13
3.8137e-13
3.3939e-13
4.6987e-13
4.8192e-13
4.4219e-13
7.2216e-13
4.499e-13
8.3991e-13
4.5329e-13
4.9632e-13
6.3161e-13
6.8715e-13
6.7434e-13
5.7977e-13
1.4318e-12
2.1477e-12
7.9413e-13
4.3836e-13
3.3064e-13
3.4668e-13
3.0808e-13
2.7337e-13
2.4696e-13
2.496e-13
1.9492e-13
3.0698e-13
1.8317e-13
2.8369e-13
2.2004e-13
3.1627e-13
3.2642e-13
4.4755e-13
5.3393e-13
4.626e-13
2.9575e-13
5.1599e-13
3.837e-13
5.6822e-13
5.4403e-13
6.4323e-13
6.1481e-13
6.3746e-13
3.7959e-13
6.926e-13
7.1488e-13
4.949e-13
8.9334e-13
8.0571e-13
1.9579e-12
1.3025e-12
1.0198e-12
4.6007e-13
3.4695e-13
3.6354e-13
3.2068e-13
2.8472e-13
2.5616e-13
2.5426e-13
2.1057e-13
2.9996e-13
1.9852e-13
2.7411e-13
2.2887e-13
3.2499e-13
3.3558e-13
4.5409e-13
5.4717e-13
4.1437e-13
3.3013e-13
4.9973e-13
4.6851e-13
4.7299e-13
7.1801e-13
4.8201e-13
8.6535e-13
4.5825e-13
5.3656e-13
5.3489e-13
7.9769e-13
5.2813e-13
6.5612e-13
1.3417e-12
1.1826e-12
1.2029e-12
1.4804e-12
9.9584e-13
4.5472e-13
3.4287e-13
3.5907e-13
3.1773e-13
2.8127e-13
2.5201e-13
2.5354e-13
1.9785e-13
3.0635e-13
1.8539e-13
2.793e-13
2.2224e-13
3.0982e-13
3.2748e-13
4.299e-13
5.2721e-13
4.3264e-13
2.9047e-13
4.7954e-13
3.7866e-13
5.2053e-13
5.5227e-13
5.95e-13
6.4615e-13
6.0675e-13
3.8575e-13
6.9608e-13
5.7649e-13
5.481e-13
6.3642e-13
9.3028e-13
1.7364e-12
6.6999e-13
1.3569e-12
1.5794e-12
7.6644e-13
4.9934e-13
3.7644e-13
3.94e-13
3.4662e-13
3.0686e-13
2.7419e-13
2.7155e-13
2.2241e-13
3.1712e-13
2.0772e-13
2.8746e-13
2.3767e-13
3.422e-13
3.4287e-13
4.8489e-13
5.4565e-13
4.4473e-13
3.1927e-13
5.2491e-13
4.4739e-13
4.9836e-13
6.9243e-13
5.1641e-13
8.5243e-13
4.9792e-13
5.4165e-13
5.3888e-13
8.2948e-13
4.4118e-13
7.3367e-13
1.0313e-12
1.3657e-12
1.1046e-12
8.0094e-13
1.5244e-12
1.2174e-12
7.4835e-13
5.1506e-13
3.8824e-13
4.0617e-13
3.5817e-13
3.1637e-13
2.8153e-13
2.82e-13
2.1982e-13
3.3533e-13
2.052e-13
3.0175e-13
2.4533e-13
3.3345e-13
3.5962e-13
4.5594e-13
5.7102e-13
4.4753e-13
3.1201e-13
4.9341e-13
4.0538e-13
5.2162e-13
6.0204e-13
5.9374e-13
7.3227e-13
6.1088e-13
4.5686e-13
7.1635e-13
6.4835e-13
5.8853e-13
5.5066e-13
1.1083e-12
1.3587e-12
8.5604e-13
1.3026e-12
8.8605e-13
1.1375e-12
1.2396e-12
1.11e-12
5.1868e-13
3.9091e-13
4.0876e-13
3.5878e-13
3.1683e-13
2.8144e-13
2.7806e-13
2.2555e-13
3.2158e-13
2.0882e-13
2.8903e-13
2.3763e-13
3.4455e-13
3.3893e-13
4.935e-13
5.2712e-13
4.5568e-13
3.0033e-13
5.268e-13
4.1228e-13
4.993e-13
6.3796e-13
5.2422e-13
7.9591e-13
5.204e-13
5.1311e-13
5.7152e-13
7.9045e-13
4.3109e-13
7.1229e-13
8.231e-13
1.4648e-12
8.1157e-13
9.2442e-13
1.3264e-12
6.1236e-13
1.1209e-12
1.6815e-12
1.0022e-12
5.3803e-13
4.0544e-13
4.238e-13
3.7265e-13
3.2848e-13
2.9066e-13
2.8992e-13
2.2574e-13
3.3983e-13
2.0974e-13
3.0202e-13
2.499e-13
3.3277e-13
3.6461e-13
4.5043e-13
5.7202e-13
4.3308e-13
3.0953e-13
4.7587e-13
3.9816e-13
4.8763e-13
5.9564e-13
5.4797e-13
7.4446e-13
5.6287e-13
4.8733e-13
6.6311e-13
7.247e-13
5.493e-13
5.739e-13
1.0707e-12
1.0881e-12
9.3292e-13
9.3222e-13
1.0678e-12
1.0055e-12
6.4634e-13
1.5413e-12
1.6789e-12
1.1449e-12
5.5793e-13
4.2038e-13
4.3923e-13
3.8478e-13
3.3903e-13
2.9965e-13
2.9536e-13
2.3755e-13
3.3841e-13
2.1818e-13
3.0143e-13
2.4723e-13
3.5905e-13
3.5008e-13
5.1802e-13
5.3349e-13
4.8127e-13
2.9803e-13
5.459e-13
3.9923e-13
5.1434e-13
6.1286e-13
5.4344e-13
7.7005e-13
5.5135e-13
5.0246e-13
6.2605e-13
7.7372e-13
4.7748e-13
6.8945e-13
8.4119e-13
1.4541e-12
6.8465e-13
1.0134e-12
1.0116e-12
7.5583e-13
1.0043e-12
8.5881e-13
1.5553e-12
1.817e-12
1.1708e-12
5.589e-13
4.2106e-13
4.398e-13
3.8582e-13
3.3944e-13
2.9894e-13
2.9701e-13
2.3096e-13
3.4362e-13
2.1347e-13
3.0183e-13
2.5327e-13
3.3176e-13
3.6788e-13
4.4631e-13
5.7107e-13
4.2246e-13
3.0597e-13
4.6362e-13
3.8804e-13
4.6094e-13
5.7937e-13
5.0959e-13
7.3509e-13
5.1972e-13
4.983e-13
6.1043e-13
7.8116e-13
5.0133e-13
6.4603e-13
9.6785e-13
1.1304e-12
8.8855e-13
7.3565e-13
1.1526e-12
7.2142e-13
7.8146e-13
1.3462e-12
8.7602e-13
1.5894e-12
1.9171e-12
1.7589e-12
5.4493e-13
4.1048e-13
4.286e-13
3.7485e-13
3.2962e-13
2.9008e-13
2.8525e-13
2.2774e-13
3.2393e-13
2.0763e-13
2.8588e-13
2.3452e-13
3.3958e-13
3.3054e-13
4.9212e-13
4.9535e-13
4.5937e-13
2.7329e-13
5.1234e-13
3.5739e-13
4.7853e-13
5.4104e-13
5.0577e-13
6.8109e-13
5.1909e-13
4.4931e-13
6.0522e-13
6.9397e-13
4.7581e-13
6.0841e-13
8.5558e-13
1.2526e-12
6.4787e-13
8.9511e-13
7.8948e-13
7.5353e-13
6.9497e-13
9.9388e-13
1.2414e-12
8.3824e-13
1.6501e-12
2.6637e-12
1.7549e-12
5.5089e-13
4.1493e-13
4.3312e-13
3.7921e-13
3.3306e-13
2.9215e-13
2.8917e-13
2.2458e-13
3.3067e-13
2.0642e-13
2.8724e-13
2.4369e-13
3.1507e-13
3.5241e-13
4.2244e-13
5.4196e-13
3.9561e-13
2.8771e-13
4.3406e-13
3.5911e-13
4.2101e-13
5.3138e-13
4.5801e-13
6.7734e-13
4.6316e-13
4.6922e-13
5.4102e-13
7.6519e-13
4.3891e-13
6.6624e-13
8.2074e-13
1.2085e-12
7.5815e-13
7.2424e-13
1.0313e-12
5.4805e-13
7.9538e-13
9.2451e-13
9.9962e-13
1.3016e-12
9.6821e-13
2.3143e-12
2.9144e-12
1.4665e-12
5.6586e-13
4.2615e-13
4.4469e-13
3.8838e-13
3.4091e-13
2.9892e-13
2.9325e-13
2.3266e-13
3.3021e-13
2.1069e-13
2.8871e-13
2.373e-13
3.4147e-13
3.3357e-13
4.9582e-13
4.9319e-13
4.6434e-13
2.7044e-13
5.103e-13
3.4631e-13
4.7193e-13
5.1531e-13
4.9678e-13
6.4646e-13
5.1132e-13
4.307e-13
6.0595e-13
6.7033e-13
4.8836e-13
5.8454e-13
9.1245e-13
1.1528e-12
7.0063e-13
8.0775e-13
7.9975e-13
6.9675e-13
5.8072e-13
1.0563e-12
9.0169e-13
1.0553e-12
1.3839e-12
1.2972e-12
2.6382e-12
2.3734e-12
2.8179e-12
5.3152e-13
4.0024e-13
4.1757e-13
3.6497e-13
3.2006e-13
2.7981e-13
2.7601e-13
2.1407e-13
3.1226e-13
1.9562e-13
2.6847e-13
2.2969e-13
2.9384e-13
3.307e-13
3.9348e-13
5.0437e-13
3.6599e-13
2.6565e-13
4.0156e-13
3.2628e-13
3.8254e-13
4.7631e-13
4.1075e-13
6.0478e-13
4.1217e-13
4.2355e-13
4.7923e-13
7.0913e-13
3.8553e-13
6.4141e-13
6.9821e-13
1.2193e-12
6.3009e-13
7.6068e-13
8.5214e-13
5.2615e-13
6.9176e-13
7.0474e-13
9.8548e-13
8.8032e-13
1.0907e-12
1.8268e-12
1.4284e-12
1.9044e-12
4.4025e-12
2.8809e-12
5.3589e-13
4.0349e-13
4.2082e-13
3.671e-13
3.2172e-13
2.812e-13
2.7523e-13
2.1719e-13
3.0747e-13
1.9545e-13
2.6631e-13
2.1962e-13
3.1325e-13
3.0815e-13
4.5481e-13
4.5092e-13
4.2674e-13
2.4684e-13
4.6316e-13
3.1094e-13
4.2401e-13
4.5426e-13
4.4342e-13
5.653e-13
4.5465e-13
3.7942e-13
5.4285e-13
5.9671e-13
4.4461e-13
5.2405e-13
8.5648e-13
9.9981e-13
6.7638e-13
6.7624e-13
7.8164e-13
5.6089e-13
5.3789e-13
8.8112e-13
7.0368e-13
1.0225e-12
9.1313e-13
1.5326e-12
1.9945e-12
1.0525e-12
3.8671e-12
4.4203e-12
3.8645e-12
5.4987e-13
4.14e-13
4.3169e-13
3.768e-13
3.2996e-13
2.8764e-13
2.8282e-13
2.1908e-13
3.1692e-13
1.9904e-13
2.6981e-13
2.3235e-13
2.9472e-13
3.3304e-13
3.9454e-13
5.0417e-13
3.6561e-13
2.6388e-13
4.0086e-13
3.1936e-13
3.7754e-13
4.5881e-13
4.0153e-13
5.7662e-13
4.0056e-13
4.0451e-13
4.6418e-13
6.8806e-13
3.728e-13
6.381e-13
6.6373e-13
1.2565e-12
5.7974e-13
8.2699e-13
7.5421e-13
5.8556e-13
6.0964e-13
7.2735e-13
9.1275e-13
7.4169e-13
1.1432e-12
1.3277e-12
1.756e-12
1.5851e-12
2.3001e-12
3.9695e-12
6.7593e-12
3.3165e-12
5.7767e-13
4.3486e-13
4.5333e-13
3.9504e-13
3.4572e-13
3.0135e-13
2.9432e-13
2.3117e-13
3.2634e-13
2.0685e-13
2.8005e-13
2.3187e-13
3.273e-13
3.2497e-13
4.7439e-13
4.7171e-13
4.4537e-13
2.5858e-13
4.7842e-13
3.2171e-13
4.3382e-13
4.6191e-13
4.5022e-13
5.6812e-13
4.5778e-13
3.8282e-13
5.468e-13
6.0808e-13
4.5179e-13
5.4212e-13
8.8755e-13
1.0221e-12
7.1705e-13
6.7392e-13
8.4849e-13
5.2741e-13
5.9555e-13
7.9252e-13
7.6371e-13
9.6394e-13
8.2671e-13
1.7013e-12
1.4937e-12
1.4448e-12
3.2796e-12
2.2876e-12
5.9665e-12
5.6054e-12
3.0323e-12
6.0334e-13
4.5415e-13
4.7336e-13
4.1268e-13
3.6091e-13
3.1387e-13
3.0768e-13
2.3804e-13
3.4179e-13
2.1505e-13
2.8835e-13
2.4955e-13
3.1422e-13
3.5607e-13
4.2088e-13
5.3543e-13
3.8923e-13
2.7893e-13
4.2619e-13
3.3335e-13
3.9873e-13
4.7109e-13
4.2157e-13
5.8348e-13
4.1856e-13
4.07e-13
4.84e-13
6.9717e-13
3.8974e-13
6.5593e-13
6.9439e-13
1.3214e-12
5.915e-13
9.0933e-13
7.3702e-13
6.6928e-13
5.7125e-13
8.4648e-13
8.5296e-13
8.1902e-13
1.1106e-12
1.2235e-12
1.9474e-12
1.2197e-12
3.0533e-12
3.4428e-12
3.7109e-12
5.064e-12
5.2483e-12
2.5981e-12
6.3923e-13
4.811e-13
5.0134e-13
4.3648e-13
3.815e-13
3.3175e-13
3.2333e-13
2.5296e-13
3.5601e-13
2.2517e-13
3.0277e-13
2.5181e-13
3.5135e-13
3.5251e-13
5.0771e-13
5.0862e-13
4.7645e-13
2.7947e-13
5.0755e-13
3.4482e-13
4.5633e-13
4.8738e-13
4.6993e-13
5.9127e-13
4.7262e-13
3.9842e-13
5.6179e-13
6.3757e-13
4.6553e-13
5.7791e-13
9.2384e-13
1.0964e-12
7.5824e-13
7.1626e-13
9.1378e-13
5.4397e-13
6.591e-13
7.5334e-13
8.7351e-13
8.806e-13
9.3362e-13
1.6456e-12
1.4143e-12
1.6517e-12
2.5181e-12
3.246e-12
5.0929e-12
2.9566e-12
5.0231e-12
4.4975e-12
2.1894e-12
6.7032e-13
5.0447e-13
5.2561e-13
4.5776e-13
3.9987e-13
3.4702e-13
3.3925e-13
2.6216e-13
3.7391e-13
2.3553e-13
3.1275e-13
2.7168e-13
3.3996e-13
3.8592e-13
4.5564e-13
5.7677e-13
4.2107e-13
2.9949e-13
4.5987e-13
3.5439e-13
4.2897e-13
4.9315e-13
4.5182e-13
6.0059e-13
4.4707e-13
4.1417e-13
5.1568e-13
7.0926e-13
4.1704e-13
6.7109e-13
7.5131e-13
1.3688e-12
6.3257e-13
9.7594e-13
7.6784e-13
7.4149e-13
5.664e-13
9.6657e-13
8.161e-13
9.5267e-13
1.0398e-12
1.3858e-12
1.8999e-12
1.1676e-12
3.4278e-12
2.6833e-12
5.1843e-12
4.3756e-12
2.8673e-12
4.1094e-12
3.7597e-12
1.4458e-12
7.1069e-13
5.348e-13
5.571e-13
4.8464e-13
4.231e-13
3.6719e-13
3.5715e-13
2.7849e-13
3.9069e-13
2.467e-13
3.2939e-13
2.7521e-13
3.7939e-13
3.8486e-13
5.4596e-13
5.5266e-13
5.1163e-13
3.0451e-13
5.4151e-13
3.7356e-13
4.8339e-13
5.2112e-13
4.9426e-13
6.2283e-13
4.9116e-13
4.1834e-13
5.7891e-13
6.7184e-13
4.7901e-13
6.1784e-13
9.5277e-13
1.1903e-12
7.9022e-13
7.7835e-13
9.6366e-13
5.9518e-13
7.0855e-13
7.8121e-13
9.6556e-13
8.3329e-13
1.0716e-12
1.4991e-12
1.6216e-12
1.6051e-12
2.45e-12
3.7025e-12
4.0145e-12
4.2432e-12
4.2948e-12
2.386e-12
3.65e-12
2.4513e-12
1.7119e-12
7.4741e-13
5.6239e-13
5.8575e-13
5.0969e-13
4.4476e-13
3.8528e-13
3.7571e-13
2.9001e-13
4.1114e-13
2.5918e-13
3.4117e-13
2.9718e-13
3.6982e-13
4.2029e-13
4.9594e-13
6.2459e-13
4.5819e-13
3.2368e-13
4.988e-13
3.8021e-13
4.6477e-13
5.2215e-13
4.8844e-13
6.251e-13
4.8171e-13
4.2454e-13
5.5421e-13
7.2228e-13
4.4964e-13
6.823e-13
8.2148e-13
1.3967e-12
6.8992e-13
1.0248e-12
8.3236e-13
7.9717e-13
5.9429e-13
1.0647e-12
8.2261e-13
1.0746e-12
9.9373e-13
1.6021e-12
1.7695e-12
1.3433e-12
3.3339e-12
2.6462e-12
5.9142e-12
3.3875e-12
4.0401e-12
3.5172e-12
2.1022e-12
2.3021e-12
2.8976e-12
2.6783e-12
7.8675e-13
5.9193e-13
6.1642e-13
5.3587e-13
4.6734e-13
4.0486e-13
3.9305e-13
3.056e-13
4.2738e-13
2.6953e-13
3.5731e-13
2.9994e-13
4.0838e-13
4.1888e-13
5.848e-13
5.9928e-13
5.4686e-13
3.3098e-13
5.7594e-13
4.0446e-13
5.1121e-13
5.5815e-13
5.1952e-13
6.5746e-13
5.1025e-13
4.3884e-13
5.9511e-13
7.0479e-13
4.9018e-13
6.5472e-13
9.7102e-13
1.2842e-12
8.1099e-13
8.4266e-13
9.9629e-13
6.6159e-13
7.4018e-13
8.6312e-13
1.0229e-12
8.5945e-13
1.1714e-12
1.3933e-12
1.8478e-12
1.452e-12
2.8227e-12
3.5735e-12
4.0875e-12
4.8228e-12
3.2617e-12
3.4122e-12
3.0777e-12
1.3154e-12
2.8283e-12
4.6056e-12
2.2012e-12
8.3178e-13
6.2576e-13
6.5158e-13
5.6652e-13
4.9388e-13
4.2716e-13
4.1559e-13
3.2047e-13
4.5183e-13
2.8496e-13
3.7216e-13
3.2485e-13
4.0221e-13
4.5744e-13
5.3956e-13
6.7625e-13
4.9843e-13
3.5008e-13
5.4041e-13
4.0921e-13
5.0363e-13
5.5609e-13
5.2839e-13
6.5531e-13
5.195e-13
4.3753e-13
5.9562e-13
7.3605e-13
4.8401e-13
6.8994e-13
8.9487e-13
1.4064e-12
7.5296e-13
1.0565e-12
9.13e-13
8.361e-13
6.442e-13
1.1362e-12
8.6936e-13
1.1664e-12
1.0045e-12
1.7763e-12
1.6826e-12
1.5407e-12
3.0678e-12
3.0684e-12
5.7498e-12
3.4099e-12
4.5329e-12
2.6848e-12
2.9216e-12
1.9428e-12
1.6355e-12
4.4226e-12
3.6821e-12
2.5236e-12
8.7298e-13
6.567e-13
6.8368e-13
5.9398e-13
5.1754e-13
4.4765e-13
4.3383e-13
3.3647e-13
4.6906e-13
2.9556e-13
3.8907e-13
3.2807e-13
4.4121e-13
4.5746e-13
6.2833e-13
6.525e-13
5.8593e-13
3.6096e-13
6.1488e-13
4.3993e-13
5.4341e-13
6.0188e-13
5.4958e-13
6.9933e-13
5.3411e-13
4.6302e-13
6.1595e-13
7.4104e-13
5.0409e-13
6.9235e-13
9.8977e-13
1.3805e-12
8.3048e-13
9.0782e-13
1.025e-12
7.3422e-13
7.6449e-13
9.7738e-13
1.0591e-12
9.5673e-13
1.2344e-12
1.4235e-12
2.0097e-12
1.3443e-12
3.2082e-12
3.2512e-12
4.7582e-12
4.657e-12
3.2513e-12
3.8703e-12
2.3117e-12
1.8892e-12
2.3656e-12
2.512e-12
3.6341e-12
4.4208e-12
2.0083e-12
9.2852e-13
6.9841e-13
7.2705e-13
6.3171e-13
5.5023e-13
4.7525e-13
4.614e-13
3.5545e-13
4.9868e-13
3.1458e-13
4.0792e-13
3.5659e-13
4.3948e-13
5.0005e-13
5.8953e-13
7.3561e-13
5.4446e-13
3.8071e-13
5.8763e-13
4.4368e-13
5.4795e-13
5.9832e-13
5.7409e-13
6.9573e-13
5.6253e-13
4.5676e-13
6.4239e-13
7.5745e-13
5.2168e-13
7.013e-13
9.726e-13
1.4141e-12
8.2044e-13
1.0824e-12
1.0038e-12
8.6726e-13
7.0856e-13
1.1931e-12
9.4683e-13
1.2383e-12
1.0761e-12
1.9064e-12
1.7172e-12
1.6932e-12
2.9014e-12
3.5068e-12
5.2527e-12
4.0302e-12
4.3672e-12
2.766e-12
3.2447e-12
1.4717e-12
2.2742e-12
3.704e-12
2.0933e-12
4.3193e-12
3.3292e-12
3.2347e-12
9.7614e-13
7.342e-13
7.6414e-13
6.6355e-13
5.7765e-13
4.9897e-13
4.8277e-13
3.7365e-13
5.1929e-13
3.2698e-13
4.2749e-13
3.6203e-13
4.8102e-13
5.0391e-13
6.8095e-13
7.1693e-13
6.3294e-13
3.969e-13
6.6257e-13
4.8277e-13
5.8373e-13
6.5598e-13
5.8825e-13
7.53e-13
5.6664e-13
4.9394e-13
6.4643e-13
7.8582e-13
5.2515e-13
7.3505e-13
1.0189e-12
1.4859e-12
8.5748e-13
9.7623e-13
1.0621e-12
8.1021e-13
7.9183e-13
1.1071e-12
1.0913e-12
1.0978e-12
1.2797e-12
1.5923e-12
2.1174e-12
1.3736e-12
3.486e-12
3.0559e-12
5.3845e-12
4.2542e-12
3.8375e-12
3.7549e-12
2.3509e-12
2.1392e-12
1.7717e-12
3.6453e-12
3.0368e-12
2.4537e-12
3.3168e-12
5.7608e-12
2.1959e-12
1.0382e-12
7.8083e-13
8.1263e-13
7.0567e-13
6.1416e-13
5.2983e-13
5.1339e-13
3.9515e-13
5.519e-13
3.4817e-13
4.4857e-13
3.9255e-13
4.8169e-13
5.4825e-13
6.4588e-13
8.0279e-13
5.9622e-13
4.1557e-13
6.4032e-13
4.836e-13
5.9742e-13
6.4874e-13
6.2501e-13
7.4667e-13
6.1029e-13
4.8285e-13
6.9376e-13
7.8842e-13
5.6203e-13
7.1903e-13
1.0521e-12
1.4267e-12
8.8941e-13
1.1072e-12
1.0972e-12
8.9447e-13
7.7884e-13
1.2413e-12
1.039e-12
1.2983e-12
1.1855e-12
2.0057e-12
1.8632e-12
1.7982e-12
2.965e-12
3.8158e-12
4.8702e-12
4.6129e-12
4.0044e-12
3.3277e-12
3.0984e-12
1.5527e-12
2.505e-12
2.8017e-12
2.9286e-12
3.5859e-12
1.9034e-12
5.7232e-12
3.7484e-12
4.5111e-12
1.0823e-12
8.1392e-13
8.4694e-13
7.3507e-13
6.3945e-13
5.5167e-13
5.3297e-13
4.1173e-13
5.7054e-13
3.5907e-13
4.6637e-13
3.9655e-13
5.2075e-13
5.5085e-13
7.326e-13
7.8197e-13
6.7848e-13
4.3284e-13
7.091e-13
5.2558e-13
6.2343e-13
7.1038e-13
6.2668e-13
8.0701e-13
5.9952e-13
5.2431e-13
6.7738e-13
8.2768e-13
5.4624e-13
7.7216e-13
1.0457e-12
1.5768e-12
8.8165e-13
1.0322e-12
1.0953e-12
8.7321e-13
8.1455e-13
1.2219e-12
1.1128e-12
1.2373e-12
1.3022e-12
1.817e-12
2.1626e-12
1.516e-12
3.612e-12
3.1057e-12
5.7231e-12
3.9505e-12
4.3337e-12
3.4037e-12
2.7907e-12
2.0454e-12
1.8145e-12
4.0498e-12
2.2391e-12
3.5327e-12
2.7281e-12
3.2085e-12
3.7054e-12
8.0932e-12
6.2559e-12
1.1329e-12
8.5193e-13
8.8642e-13
7.6936e-13
6.691e-13
5.7663e-13
5.5773e-13
4.2894e-13
5.9665e-13
3.7638e-13
4.8204e-13
4.222e-13
5.1591e-13
5.8736e-13
6.9121e-13
8.5626e-13
6.3754e-13
4.4349e-13
6.8119e-13
5.1587e-13
6.3575e-13
6.8987e-13
6.6406e-13
7.8821e-13
6.4601e-13
5.035e-13
7.3084e-13
8.0993e-13
5.898e-13
7.271e-13
1.1042e-12
1.4153e-12
9.3444e-13
1.107e-12
1.1604e-12
8.9848e-13
8.2873e-13
1.2545e-12
1.1072e-12
1.3205e-12
1.2776e-12
2.0405e-12
2.022e-12
1.8279e-12
3.161e-12
3.9062e-12
4.7586e-12
4.8622e-12
3.7159e-12
3.7212e-12
2.7594e-12
1.8512e-12
2.3154e-12
2.9072e-12
3.1289e-12
2.634e-12
2.6107e-12
4.5886e-12
2.0932e-12
8.0016e-12
1.0534e-11
7.6626e-12
1.1788e-12
8.863e-13
9.2208e-13
7.9992e-13
6.954e-13
5.993e-13
5.7816e-13
4.4594e-13
6.1622e-13
3.8768e-13
5.0037e-13
4.2705e-13
5.5456e-13
5.9192e-13
7.7519e-13
8.3855e-13
7.151e-13
4.6372e-13
7.4673e-13
5.6215e-13
6.5568e-13
7.5665e-13
6.5803e-13
8.5233e-13
6.2637e-13
5.4854e-13
7.0208e-13
8.5851e-13
5.6225e-13
7.9628e-13
1.0622e-12
1.6366e-12
8.963e-13
1.0652e-12
1.1165e-12
9.1232e-13
8.2762e-13
1.3001e-12
1.1208e-12
1.3432e-12
1.3032e-12
2.0203e-12
2.1541e-12
1.6959e-12
3.6035e-12
3.3458e-12
5.7649e-12
3.9407e-12
4.5275e-12
3.1226e-12
3.105e-12
1.8232e-12
2.1428e-12
3.7708e-12
2.2828e-12
3.8432e-12
1.971e-12
4.5194e-12
2.9592e-12
4.4837e-12
1.0426e-11
1.4417e-11
7.8184e-12
1.2581e-12
9.459e-13
9.8401e-13
8.5365e-13
7.4193e-13
6.388e-13
6.1686e-13
4.7406e-13
6.5698e-13
4.1439e-13
5.2783e-13
4.6258e-13
5.6303e-13
6.4114e-13
7.5343e-13
9.3075e-13
6.9412e-13
4.8239e-13
7.3784e-13
5.6129e-13
6.8852e-13
7.4938e-13
7.1786e-13
8.5218e-13
6.9573e-13
5.3937e-13
7.8323e-13
8.5639e-13
6.2898e-13
7.5777e-13
1.1739e-12
1.4466e-12
9.9348e-13
1.1326e-12
1.2389e-12
9.2047e-13
8.8959e-13
1.29e-12
1.1903e-12
1.3663e-12
1.3895e-12
2.112e-12
2.2297e-12
1.8809e-12
3.5201e-12
3.9984e-12
5.1295e-12
5.0145e-12
3.8267e-12
3.966e-12
2.6211e-12
2.1087e-12
2.0947e-12
3.5259e-12
2.9273e-12
2.8105e-12
2.8226e-12
3.4039e-12
2.9331e-12
6.4678e-12
5.9486e-12
1.4309e-11
1.382e-11
7.6246e-12
1.328e-12
9.9838e-13
1.0385e-12
9.0055e-13
7.8238e-13
6.7364e-13
6.4901e-13
4.9992e-13
6.8894e-13
4.3333e-13
5.5598e-13
4.7612e-13
6.1176e-13
6.5841e-13
8.4966e-13
9.3097e-13
7.8056e-13
5.1396e-13
8.1481e-13
6.2198e-13
7.15e-13
8.3442e-13
7.1687e-13
9.3364e-13
6.8012e-13
5.9569e-13
7.5756e-13
9.2416e-13
6.0302e-13
8.5023e-13
1.1258e-12
1.7526e-12
9.498e-13
1.1328e-12
1.1856e-12
9.7565e-13
8.764e-13
1.4082e-12
1.1789e-12
1.4783e-12
1.3612e-12
2.2779e-12
2.2303e-12
1.9495e-12
3.7069e-12
3.8291e-12
5.9176e-12
4.403e-12
4.6987e-12
3.2429e-12
3.3438e-12
1.7481e-12
2.4709e-12
3.4725e-12
2.8132e-12
3.7075e-12
2.1034e-12
5.0482e-12
2.2164e-12
6.4955e-12
8.5457e-12
8.4664e-12
1.3872e-11
1.4258e-11
3.9318e-12
1.4215e-12
1.0686e-12
1.1115e-12
9.6385e-13
8.3721e-13
7.2024e-13
6.9447e-13
5.3333e-13
7.3666e-13
4.6454e-13
5.888e-13
5.1622e-13
6.2593e-13
7.1296e-13
8.3637e-13
1.0308e-12
7.6937e-13
5.3461e-13
8.1368e-13
6.2251e-13
7.588e-13
8.3061e-13
7.8949e-13
9.4202e-13
7.6227e-13
5.9251e-13
8.5397e-13
9.3089e-13
6.8206e-13
8.1409e-13
1.2656e-12
1.5278e-12
1.0703e-12
1.1893e-12
1.3374e-12
9.6459e-13
9.6422e-13
1.354e-12
1.2918e-12
1.4429e-12
1.5203e-12
2.2355e-12
2.4727e-12
1.9781e-12
3.976e-12
4.158e-12
5.8415e-12
5.1719e-12
4.2774e-12
4.1197e-12
2.7788e-12
2.2729e-12
2.0413e-12
4.0682e-12
2.6947e-12
3.479e-12
2.6726e-12
3.7465e-12
3.2061e-12
4.8683e-12
8.5717e-12
1.159e-11
8.0054e-12
1.4653e-11
7.4396e-12
4.7997e-12
1.4897e-12
1.1197e-12
1.1645e-12
1.0095e-12
8.7653e-13
7.5407e-13
7.2563e-13
5.5827e-13
7.6742e-13
4.8261e-13
6.1575e-13
5.2895e-13
6.7286e-13
7.2969e-13
9.2858e-13
1.0299e-12
8.4947e-13
5.6722e-13
8.8671e-13
6.8518e-13
7.7795e-13
9.1681e-13
7.7958e-13
1.0206e-12
7.3816e-13
6.4619e-13
8.1844e-13
9.9415e-13
6.4813e-13
9.0594e-13
1.1985e-12
1.867e-12
1.0098e-12
1.198e-12
1.2621e-12
1.0312e-12
9.309e-13
1.4995e-12
1.2484e-12
1.5925e-12
1.4327e-12
2.5046e-12
2.3275e-12
2.1888e-12
3.8317e-12
4.333e-12
6.0619e-12
5.035e-12
4.7724e-12
3.6132e-12
3.4304e-12
1.8275e-12
2.6404e-12
3.3494e-12
3.2309e-12
3.4284e-12
2.592e-12
4.8339e-12
2.3914e-12
7.1473e-12
6.3722e-12
1.2032e-11
1.1252e-11
8.2642e-12
7.4628e-12
8.9741e-12
3.8223e-12
1.5887e-12
1.1941e-12
1.2418e-12
1.0765e-12
9.3452e-13
8.0337e-13
7.7357e-13
5.937e-13
8.1753e-13
5.1543e-13
6.5032e-13
5.7034e-13
6.8903e-13
7.8505e-13
9.1906e-13
1.1307e-12
8.4391e-13
5.8673e-13
8.8814e-13
6.8376e-13
8.2731e-13
9.1243e-13
8.5876e-13
1.0335e-12
8.2604e-13
6.4752e-13
9.2117e-13
1.0094e-12
7.315e-13
8.7525e-13
1.3468e-12
1.6217e-12
1.1376e-12
1.2477e-12
1.4217e-12
1.0072e-12
1.0279e-12
1.413e-12
1.378e-12
1.5144e-12
1.6291e-12
2.3564e-12
2.6756e-12
2.0769e-12
4.3811e-12
4.3159e-12
6.5852e-12
5.2838e-12
4.8124e-12
4.1559e-12
3.0952e-12
2.3119e-12
2.164e-12
4.3165e-12
2.6166e-12
3.9583e-12
2.4339e-12
4.6211e-12
2.9811e-12
5.3576e-12
9.2422e-12
8.8046e-12
1.1418e-11
1.1721e-11
4.3442e-12
9.3127e-12
7.0861e-12
4.0335e-12
1.676e-12
1.2597e-12
1.3098e-12
1.1351e-12
9.8506e-13
8.4681e-13
8.1395e-13
6.2557e-13
8.5791e-13
5.3945e-13
6.8468e-13
5.8981e-13
7.433e-13
8.116e-13
1.0194e-12
1.1435e-12
9.2857e-13
6.28e-13
9.6941e-13
7.5707e-13
8.506e-13
1.0108e-12
8.5217e-13
1.121e-12
8.0609e-13
7.0518e-13
8.9094e-13
1.0768e-12
7.0253e-13
9.7134e-13
1.2898e-12
1.9958e-12
1.0842e-12
1.2722e-12
1.3554e-12
1.0883e-12
9.9814e-13
1.5867e-12
1.3386e-12
1.698e-12
1.5308e-12
2.7138e-12
2.4716e-12
2.4147e-12
4.035e-12
4.8303e-12
6.311e-12
5.7334e-12
4.8783e-12
4.1337e-12
3.4642e-12
2.0461e-12
2.7003e-12
3.5593e-12
3.4521e-12
3.3536e-12
2.9818e-12
4.5063e-12
2.952e-12
6.8043e-12
6.9908e-12
1.3123e-11
8.4775e-12
1.1911e-11
5.9935e-12
5.2813e-12
7.2911e-12
7.6859e-12
3.8526e-12
1.7882e-12
1.3439e-12
1.3974e-12
1.2109e-12
1.0507e-12
9.0266e-13
8.6811e-13
6.6585e-13
9.1434e-13
5.7632e-13
7.2413e-13
6.352e-13
7.6471e-13
8.7152e-13
1.018e-12
1.2506e-12
9.3275e-13
6.4924e-13
9.771e-13
7.5721e-13
9.0869e-13
1.0108e-12
9.4087e-13
1.1447e-12
9.0171e-13
7.1562e-13
1.0013e-12
1.1094e-12
7.9056e-13
9.569e-13
1.4423e-12
1.759e-12
1.2165e-12
1.3322e-12
1.5184e-12
1.0679e-12
1.0997e-12
1.4945e-12
1.4749e-12
1.6089e-12
1.7451e-12
2.5181e-12
2.8825e-12
2.2177e-12
4.7882e-12
4.5742e-12
7.3727e-12
5.5145e-12
5.398e-12
4.2387e-12
3.5114e-12
2.3217e-12
2.4387e-12
4.4055e-12
2.8165e-12
4.2092e-12
2.4015e-12
5.2932e-12
2.7305e-12
6.6681e-12
8.5862e-12
9.9931e-12
1.2321e-11
8.8476e-12
6.1942e-12
7.4602e-12
4.1944e-12
8.034e-12
7.2211e-12
4.3747e-12
1.8796e-12
1.4124e-12
1.4685e-12
1.2722e-12
1.1036e-12
9.4804e-13
9.103e-13
6.9899e-13
9.5648e-13
6.0137e-13
7.5957e-13
6.5596e-13
8.195e-13
9.0034e-13
1.117e-12
1.2663e-12
1.0133e-12
6.9318e-13
1.0581e-12
8.3383e-13
9.2863e-13
1.1113e-12
9.3022e-13
1.2293e-12
8.7964e-13
7.6911e-13
9.7022e-13
1.1671e-12
7.6237e-13
1.0422e-12
1.3928e-12
2.1301e-12
1.167e-12
1.3507e-12
1.4576e-12
1.1432e-12
1.0721e-12
1.6635e-12
1.4413e-12
1.7873e-12
1.6458e-12
2.8903e-12
2.6492e-12
2.609e-12
4.3014e-12
5.2671e-12
6.6588e-12
6.3884e-12
5.0583e-12
4.6733e-12
3.5038e-12
2.3198e-12
2.6988e-12
3.9925e-12
3.5025e-12
3.5633e-12
3.1672e-12
4.4465e-12
3.3617e-12
6.3127e-12
8.6286e-12
1.233e-11
9.3234e-12
1.285e-11
4.5068e-12
7.5692e-12
5.8357e-12
4.5687e-12
7.4683e-12
8.3035e-12
3.2719e-12
2.0042e-12
1.5061e-12
1.5658e-12
1.3564e-12
1.1765e-12
1.0101e-12
9.7031e-13
7.4384e-13
1.0188e-12
6.4203e-13
8.036e-13
7.0502e-13
8.4592e-13
9.6439e-13
1.1236e-12
1.3789e-12
1.0272e-12
7.1605e-13
1.0713e-12
8.3564e-13
9.9428e-13
1.1161e-12
1.0267e-12
1.2642e-12
9.8053e-13
7.8961e-13
1.0845e-12
1.2197e-12
8.5166e-13
1.0492e-12
1.5384e-12
1.9219e-12
1.2957e-12
1.4299e-12
1.6135e-12
1.1369e-12
1.1695e-12
1.5842e-12
1.5692e-12
1.7102e-12
1.8527e-12
2.6927e-12
3.0663e-12
2.3761e-12
5.1444e-12
4.8877e-12
8.0814e-12
5.8395e-12
5.9225e-12
4.3904e-12
3.913e-12
2.335e-12
2.7506e-12
4.399e-12
3.1675e-12
4.257e-12
2.5984e-12
5.5843e-12
2.7086e-12
7.5824e-12
7.7634e-12
1.2282e-11
1.1327e-11
9.9226e-12
6.5692e-12
5.589e-12
5.9547e-12
6.3563e-12
4.2804e-12
8.7415e-12
6.2103e-12
3.9501e-12
2.1119e-12
1.5869e-12
1.6496e-12
1.4287e-12
1.2388e-12
1.0636e-12
1.0202e-12
7.8279e-13
1.0689e-12
6.7204e-13
8.4502e-13
7.3137e-13
9.0639e-13
1.0013e-12
1.2283e-12
1.4058e-12
1.1095e-12
7.6684e-13
1.1589e-12
9.2027e-13
1.0174e-12
1.2246e-12
1.019e-12
1.3524e-12
9.6366e-13
8.424e-13
1.0616e-12
1.2719e-12
8.3172e-13
1.1251e-12
1.5149e-12
2.2837e-12
1.2643e-12
1.4431e-12
1.5756e-12
1.2042e-12
1.1578e-12
1.7425e-12
1.5621e-12
1.8738e-12
1.7836e-12
3.0533e-12
2.8695e-12
2.7859e-12
4.6478e-12
5.6647e-12
7.1352e-12
6.9965e-12
5.3757e-12
5.198e-12
3.6298e-12
2.6046e-12
2.7189e-12
4.5207e-12
3.4893e-12
3.9809e-12
3.2113e-12
4.7736e-12
3.5536e-12
6.2974e-12
9.8224e-12
1.1417e-11
1.144e-11
1.2042e-11
5.0328e-12
8.1042e-12
4.3427e-12
6.5442e-12
5.9533e-12
5.0127e-12
6.4535e-12
7.3668e-12
3.7811e-12
2.2542e-12
1.6938e-12
1.7607e-12
1.5248e-12
1.322e-12
1.1344e-12
1.0886e-12
8.3408e-13
1.1399e-12
7.1808e-13
8.9565e-13
7.8586e-13
9.3988e-13
1.0719e-12
1.2455e-12
1.5273e-12
1.1357e-12
7.9317e-13
1.1798e-12
9.2605e-13
1.0923e-12
1.2372e-12
1.1247e-12
1.4023e-12
1.0705e-12
8.756e-13
1.1799e-12
1.3495e-12
9.2197e-13
1.1599e-12
1.6487e-12
2.1248e-12
1.3866e-12
1.5527e-12
1.7217e-12
1.2237e-12
1.2482e-12
1.6958e-12
1.6757e-12
1.8317e-12
1.9699e-12
2.8989e-12
3.2563e-12
2.5666e-12
5.4943e-12
5.2857e-12
8.7583e-12
6.3044e-12
6.4091e-12
4.68e-12
4.2937e-12
2.4166e-12
3.0628e-12
4.4453e-12
3.5762e-12
4.25e-12
2.9416e-12
5.637e-12
2.9768e-12
7.9944e-12
7.7321e-12
1.3857e-11
1.0259e-11
1.225e-11
6.0202e-12
6.3209e-12
6.2861e-12
4.8029e-12
6.0996e-12
6.8819e-12
3.7132e-12
7.9287e-12
7.2399e-12
4.8501e-12
2.3812e-12
1.789e-12
1.8595e-12
1.6102e-12
1.3956e-12
1.1975e-12
1.1477e-12
8.7996e-13
1.1993e-12
7.5398e-13
9.4413e-13
8.1877e-13
1.0072e-12
1.1181e-12
1.3572e-12
1.5672e-12
1.2211e-12
8.5159e-13
1.2757e-12
1.0194e-12
1.1201e-12
1.3547e-12
1.1217e-12
1.4947e-12
1.0611e-12
9.2774e-13
1.1679e-12
1.3955e-12
9.1286e-13
1.2241e-12
1.6602e-12
2.4646e-12
1.3791e-12
1.5555e-12
1.7132e-12
1.2771e-12
1.2576e-12
1.832e-12
1.7032e-12
1.9661e-12
1.9457e-12
3.2158e-12
3.1332e-12
2.9559e-12
5.0723e-12
6.0424e-12
7.7334e-12
7.5674e-12
5.8407e-12
5.6965e-12
3.8816e-12
2.8804e-12
2.8201e-12
5.0549e-12
3.5135e-12
4.4815e-12
3.2052e-12
5.3485e-12
3.5991e-12
6.8596e-12
1.0384e-11
1.1503e-11
1.2961e-11
1.1282e-11
6.1777e-12
7.5655e-12
4.885e-12
6.954e-12
4.4368e-12
7.1949e-12
5.1253e-12
4.5055e-12
7.5593e-12
9.1356e-12
3.3523e-12
2.5282e-12
1.8995e-12
1.9743e-12
1.7094e-12
1.4814e-12
1.2706e-12
1.2181e-12
9.329e-13
1.2722e-12
8.0128e-13
9.9618e-13
8.7414e-13
1.0423e-12
1.189e-12
1.3779e-12
1.6887e-12
1.2531e-12
8.7686e-13
1.2969e-12
1.0239e-12
1.1974e-12
1.3682e-12
1.2293e-12
1.5516e-12
1.1664e-12
9.6894e-13
1.2816e-12
1.4913e-12
9.9696e-13
1.2824e-12
1.7655e-12
2.3544e-12
1.483e-12
1.6919e-12
1.8352e-12
1.322e-12
1.3302e-12
1.8203e-12
1.7874e-12
1.9629e-12
2.089e-12
3.1175e-12
3.4408e-12
2.77e-12
5.8167e-12
5.7228e-12
9.3577e-12
6.8527e-12
6.8229e-12
5.0775e-12
4.6196e-12
2.5755e-12
3.3358e-12
4.6023e-12
3.9535e-12
4.2777e-12
3.3046e-12
5.5796e-12
3.3799e-12
8.0162e-12
8.56e-12
1.447e-11
1.0251e-11
1.3773e-11
5.4954e-12
7.7812e-12
5.7036e-12
5.4429e-12
6.3688e-12
5.2127e-12
5.2957e-12
6.1488e-12
4.3539e-12
9.8519e-12
6.4432e-12
5.9601e-12
2.6752e-12
2.0097e-12
2.0886e-12
1.8082e-12
1.5666e-12
1.3437e-12
1.2867e-12
9.8591e-13
1.3414e-12
8.4322e-13
1.0519e-12
9.1374e-13
1.1164e-12
1.2447e-12
1.4964e-12
1.7417e-12
1.3412e-12
9.4268e-13
1.4012e-12
1.1255e-12
1.2304e-12
1.4938e-12
1.2317e-12
1.6474e-12
1.1655e-12
1.0197e-12
1.2823e-12
1.5297e-12
1.0001e-12
1.3324e-12
1.8182e-12
2.6594e-12
1.5027e-12
1.6797e-12
1.859e-12
1.3558e-12
1.3631e-12
1.9241e-12
1.8523e-12
2.0568e-12
2.1169e-12
3.3643e-12
3.4135e-12
3.1053e-12
5.5273e-12
6.373e-12
8.3737e-12
8.0581e-12
6.392e-12
6.1283e-12
4.2314e-12
3.119e-12
3.0107e-12
5.5186e-12
3.6259e-12
4.9496e-12
3.2157e-12
5.9635e-12
3.5769e-12
7.6967e-12
1.0448e-11
1.2601e-11
1.3577e-11
1.1537e-11
6.9124e-12
7.076e-12
6.0379e-12
6.3828e-12
5.0179e-12
7.5343e-12
3.8142e-12
6.4468e-12
5.9402e-12
5.6043e-12
6.7479e-12
1.1211e-11
6.1947e-12
2.8125e-12
2.1129e-12
2.1959e-12
1.9009e-12
1.6467e-12
1.4118e-12
1.3523e-12
1.0352e-12
1.409e-12
8.8721e-13
1.0998e-12
9.6505e-13
1.1473e-12
1.3093e-12
1.513e-12
1.8537e-12
1.3722e-12
9.622e-13
1.4155e-12
1.1234e-12
1.3029e-12
1.5011e-12
1.3337e-12
1.703e-12
1.2616e-12
1.0637e-12
1.3824e-12
1.6357e-12
1.0712e-12
1.4082e-12
1.8801e-12
2.5948e-12
1.5775e-12
1.8368e-12
1.9454e-12
1.4238e-12
1.4093e-12
1.9475e-12
1.8959e-12
2.0925e-12
2.2016e-12
3.3277e-12
3.6072e-12
2.9654e-12
6.0905e-12
6.1491e-12
9.8395e-12
7.4129e-12
7.1381e-12
5.5271e-12
4.8694e-12
2.7924e-12
3.5469e-12
4.8796e-12
4.2513e-12
4.4002e-12
3.6068e-12
5.546e-12
3.7655e-12
7.8499e-12
9.735e-12
1.438e-11
1.1333e-11
1.422e-11
5.5761e-12
8.65e-12
5.1739e-12
6.5967e-12
5.6883e-12
5.9003e-12
5.4457e-12
4.5851e-12
6.1683e-12
7.5051e-12
3.8872e-12
1.2021e-11
1.2378e-11
9.1258e-12
2.9921e-12
2.2475e-12
2.3356e-12
2.0216e-12
1.7509e-12
1.5011e-12
1.4364e-12
1.0999e-12
1.4941e-12
9.3917e-13
1.1674e-12
1.0157e-12
1.2332e-12
1.3803e-12
1.6447e-12
1.9281e-12
1.4687e-12
1.0394e-12
1.5343e-12
1.2375e-12
1.3473e-12
1.6404e-12
1.348e-12
1.8092e-12
1.2758e-12
1.1174e-12
1.4032e-12
1.6732e-12
1.0923e-12
1.4489e-12
1.9861e-12
2.8668e-12
1.6331e-12
1.8153e-12
2.0106e-12
1.4414e-12
1.4721e-12
2.0215e-12
2.0056e-12
2.1491e-12
2.2923e-12
3.504e-12
3.6999e-12
3.2385e-12
5.9917e-12
6.6656e-12
9.018e-12
8.4739e-12
6.9888e-12
6.493e-12
4.6504e-12
3.3176e-12
3.2832e-12
5.8931e-12
3.859e-12
5.3432e-12
3.3081e-12
6.5065e-12
3.5869e-12
8.5362e-12
1.0318e-11
1.4133e-11
1.358e-11
1.2728e-11
7.1441e-12
7.285e-12
6.768e-12
5.8877e-12
6.1847e-12
6.7833e-12
4.3365e-12
6.6655e-12
4.4247e-12
7.9847e-12
5.2398e-12
6.8793e-12
1.281e-11
1.7225e-11
4.7386e-12
3.1777e-12
2.387e-12
2.4805e-12
2.1468e-12
1.8592e-12
1.5933e-12
1.525e-12
1.1669e-12
1.5855e-12
9.9808e-13
1.2338e-12
1.0827e-12
1.2837e-12
1.4654e-12
1.6886e-12
2.0684e-12
1.5272e-12
1.0731e-12
1.5706e-12
1.2523e-12
1.4409e-12
1.6728e-12
1.4706e-12
1.8983e-12
1.3872e-12
1.1857e-12
1.5164e-12
1.8223e-12
1.1712e-12
1.5712e-12
2.0396e-12
2.907e-12
1.7095e-12
2.0314e-12
2.101e-12
1.5633e-12
1.5207e-12
2.1245e-12
2.0485e-12
2.2709e-12
2.3636e-12
3.6087e-12
3.8493e-12
3.2211e-12
6.4752e-12
6.6996e-12
1.046e-11
8.1363e-12
7.5463e-12
6.1288e-12
5.1741e-12
3.115e-12
3.7901e-12
5.3795e-12
4.5734e-12
4.7529e-12
3.9179e-12
5.7851e-12
4.1588e-12
7.9212e-12
1.1076e-11
1.4376e-11
1.3118e-11
1.4283e-11
6.3331e-12
9.0318e-12
5.3995e-12
7.382e-12
5.2479e-12
7.222e-12
4.8968e-12
5.3374e-12
6.394e-12
5.6866e-12
5.5953e-12
9.2598e-12
7.7548e-12
1.8487e-11
9.1904e-12
8.1893e-12
3.3903e-12
2.5464e-12
2.6459e-12
2.2897e-12
1.9825e-12
1.699e-12
1.6246e-12
1.2435e-12
1.6865e-12
1.0601e-12
1.3135e-12
1.1442e-12
1.3814e-12
1.5513e-12
1.8336e-12
2.1634e-12
1.6319e-12
1.1615e-12
1.7042e-12
1.379e-12
1.4962e-12
1.8257e-12
1.496e-12
2.0142e-12
1.4159e-12
1.2419e-12
1.5568e-12
1.8574e-12
1.2098e-12
1.6011e-12
2.2008e-12
3.141e-12
1.8003e-12
1.9966e-12
2.205e-12
1.5621e-12
1.6116e-12
2.1652e-12
2.1991e-12
2.2873e-12
2.512e-12
3.7072e-12
4.0565e-12
3.4216e-12
6.5653e-12
7.0584e-12
9.8112e-12
8.988e-12
7.7298e-12
6.9213e-12
5.1945e-12
3.5433e-12
3.6759e-12
6.295e-12
4.2761e-12
5.7559e-12
3.5726e-12
7.0626e-12
3.7641e-12
9.3957e-12
1.0483e-11
1.5865e-11
1.3641e-11
1.4464e-11
7.1929e-12
8.2132e-12
7.1027e-12
6.1579e-12
7.006e-12
6.2609e-12
5.4075e-12
6.0286e-12
5.14e-12
8.303e-12
3.9925e-12
9.9659e-12
9.9984e-12
1.0849e-11
9.7748e-12
1.6845e-11
4.3695e-12
3.5942e-12
2.6996e-12
2.8051e-12
2.4273e-12
2.1015e-12
1.8003e-12
1.7218e-12
1.317e-12
1.7866e-12
1.1244e-12
1.3865e-12
1.2167e-12
1.4387e-12
1.643e-12
1.8879e-12
2.3124e-12
1.7026e-12
1.1988e-12
1.7464e-12
1.3981e-12
1.5967e-12
1.8664e-12
1.6247e-12
2.1179e-12
1.5286e-12
1.3227e-12
1.6675e-12
2.0317e-12
1.2845e-12
1.7543e-12
2.2221e-12
3.2591e-12
1.8606e-12
2.2531e-12
2.2793e-12
1.7231e-12
1.6477e-12
2.3273e-12
2.2226e-12
2.4723e-12
2.5496e-12
3.9181e-12
4.1266e-12
3.4984e-12
6.9044e-12
7.2896e-12
1.1115e-11
8.9103e-12
7.9764e-12
6.7866e-12
5.4871e-12
3.4865e-12
4.0333e-12
6.0018e-12
4.8804e-12
5.26e-12
4.1982e-12
6.2635e-12
4.4982e-12
8.284e-12
1.2263e-11
1.4635e-11
1.492e-11
1.4233e-11
7.3071e-12
9.0455e-12
6.1958e-12
7.6606e-12
5.5478e-12
8.0306e-12
4.5143e-12
6.5749e-12
5.7093e-12
6.6814e-12
5.7584e-12
7.0269e-12
1.1121e-11
1.4315e-11
5.8274e-12
1.8034e-11
8.4577e-12
4.9848e-12
3.8125e-12
2.8633e-12
2.975e-12
2.574e-12
2.2281e-12
1.9087e-12
1.824e-12
1.3955e-12
1.89e-12
1.1879e-12
1.4676e-12
1.2799e-12
1.5372e-12
1.7312e-12
2.0314e-12
2.4105e-12
1.8021e-12
1.2889e-12
1.881e-12
1.5259e-12
1.6509e-12
2.0176e-12
1.6493e-12
2.2268e-12
1.5608e-12
1.3711e-12
1.7154e-12
2.0493e-12
1.3308e-12
1.7604e-12
2.4222e-12
3.4259e-12
1.9715e-12
2.188e-12
2.402e-12
1.6906e-12
1.752e-12
2.3177e-12
2.3917e-12
2.4327e-12
2.729e-12
3.9115e-12
4.4058e-12
3.5975e-12
7.1211e-12
7.4349e-12
1.056e-11
9.4501e-12
8.4513e-12
7.298e-12
5.7435e-12
3.7384e-12
4.0956e-12
6.6244e-12
4.767e-12
6.0929e-12
3.9326e-12
7.5046e-12
4.0589e-12
1.0065e-11
1.0934e-11
1.7267e-11
1.3871e-11
1.6015e-11
7.1644e-12
9.276e-12
7.0856e-12
6.9484e-12
7.2704e-12
6.5051e-12
6.0518e-12
5.5183e-12
6.3379e-12
7.3898e-12
4.6369e-12
1.0207e-11
7.7946e-12
1.5636e-11
7.5302e-12
1.0619e-11
9.0546e-12
1.0098e-11
5.2745e-12
4.0575e-12
3.0474e-12
3.1662e-12
2.7393e-12
2.3709e-12
2.0305e-12
1.9406e-12
1.4839e-12
2.01e-12
1.2647e-12
1.5559e-12
1.3654e-12
1.6106e-12
1.8398e-12
2.1083e-12
2.5823e-12
1.8959e-12
1.3376e-12
1.9402e-12
1.5585e-12
1.7675e-12
2.0786e-12
1.7933e-12
2.358e-12
1.6831e-12
1.4722e-12
1.8327e-12
2.2597e-12
1.4086e-12
1.9536e-12
2.4244e-12
3.6433e-12
2.0278e-12
2.4965e-12
2.4766e-12
1.8992e-12
1.7878e-12
2.5511e-12
2.4142e-12
2.6915e-12
2.7555e-12
4.2474e-12
4.4344e-12
3.7885e-12
7.3725e-12
7.8972e-12
1.1799e-11
9.6992e-12
8.4313e-12
7.4624e-12
5.8123e-12
3.8784e-12
4.2812e-12
6.6883e-12
5.1797e-12
5.8663e-12
4.4545e-12
6.9374e-12
4.7825e-12
8.9701e-12
1.3208e-11
1.5338e-11
1.6434e-11
1.4457e-11
8.2069e-12
8.9767e-12
7.1453e-12
7.6304e-12
6.4088e-12
8.2678e-12
4.8101e-12
7.2917e-12
5.25e-12
8.2006e-12
5.0889e-12
8.2939e-12
1.1333e-11
1.0981e-11
8.3527e-12
1.3804e-11
5.422e-12
1.092e-11
1.0422e-11
7.1846e-12
4.3046e-12
3.2326e-12
3.3584e-12
2.9053e-12
2.5142e-12
2.1531e-12
2.0563e-12
1.5725e-12
2.1271e-12
1.3368e-12
1.6472e-12
1.4378e-12
1.7188e-12
1.9407e-12
2.2621e-12
2.6978e-12
2.0009e-12
1.4368e-12
2.087e-12
1.696e-12
1.8307e-12
2.2397e-12
1.8272e-12
2.4731e-12
1.7285e-12
1.5209e-12
1.8987e-12
2.2726e-12
1.4707e-12
1.9471e-12
2.6779e-12
3.7615e-12
2.1693e-12
2.4147e-12
2.6292e-12
1.8472e-12
1.9134e-12
2.5087e-12
2.6105e-12
2.6173e-12
2.9735e-12
4.1702e-12
4.7961e-12
3.8153e-12
7.7359e-12
7.8973e-12
1.1381e-11
9.9906e-12
9.233e-12
7.7229e-12
6.341e-12
3.9559e-12
4.5641e-12
6.9809e-12
5.3464e-12
6.4452e-12
4.4009e-12
7.9435e-12
4.4974e-12
1.0674e-11
1.1857e-11
1.8479e-11
1.4657e-11
1.7351e-11
7.3565e-12
1.0275e-11
7.0434e-12
7.9253e-12
7.2534e-12
7.4332e-12
6.2756e-12
5.8115e-12
7.0838e-12
6.7743e-12
5.7021e-12
9.0148e-12
9.0158e-12
1.5898e-11
5.8514e-12
1.5198e-11
6.9405e-12
6.4465e-12
1.1143e-11
1.462e-11
5.3639e-12
4.5959e-12
3.4515e-12
3.5858e-12
3.1019e-12
2.6841e-12
2.298e-12
2.1949e-12
1.6777e-12
2.2696e-12
1.4278e-12
1.7528e-12
1.5381e-12
1.8102e-12
2.0684e-12
2.3637e-12
2.8955e-12
2.1197e-12
1.4984e-12
2.1648e-12
1.7438e-12
1.9649e-12
2.323e-12
1.9879e-12
2.6339e-12
1.8615e-12
1.6432e-12
2.0238e-12
2.5204e-12
1.5527e-12
2.181e-12
2.6626e-12
4.0805e-12
2.2242e-12
2.7761e-12
2.709e-12
2.1028e-12
1.9523e-12
2.811e-12
2.6379e-12
2.945e-12
2.9987e-12
4.6222e-12
4.802e-12
4.1141e-12
7.9313e-12
8.5674e-12
1.2604e-11
1.0551e-11
8.9797e-12
8.1837e-12
6.1986e-12
4.2979e-12
4.5725e-12
7.4412e-12
5.5211e-12
6.5603e-12
4.734e-12
7.7832e-12
5.0626e-12
9.979e-12
1.4007e-11
1.6592e-11
1.7687e-11
1.5284e-11
8.9685e-12
9.1557e-12
8.0263e-12
7.6127e-12
7.4252e-12
8.2394e-12
5.625e-12
7.5078e-12
5.6651e-12
9.0835e-12
4.6957e-12
1.022e-11
9.9824e-12
1.2884e-11
8.4535e-12
1.0682e-11
7.7564e-12
8.3267e-12
6.743e-12
1.5759e-11
1.0771e-11
6.2885e-12
4.8901e-12
3.6721e-12
3.8147e-12
3.2996e-12
2.8547e-12
2.4439e-12
2.3329e-12
1.7833e-12
2.4093e-12
1.5141e-12
1.8611e-12
1.6259e-12
1.9353e-12
2.1899e-12
2.5374e-12
3.0394e-12
2.2382e-12
1.6125e-12
2.3325e-12
1.8978e-12
2.0446e-12
2.5028e-12
2.0386e-12
2.765e-12
1.9273e-12
1.6985e-12
2.1156e-12
2.5379e-12
1.6361e-12
2.1702e-12
2.9797e-12
4.1645e-12
2.4033e-12
2.6873e-12
2.8981e-12
2.0404e-12
2.104e-12
2.7504e-12
2.8662e-12
2.8543e-12
3.2577e-12
4.5051e-12
5.2465e-12
4.096e-12
8.4405e-12
8.4888e-12
1.2323e-11
1.0665e-11
1.0103e-11
8.2396e-12
6.9995e-12
4.2197e-12
5.0834e-12
7.4133e-12
6.0056e-12
6.8588e-12
4.9617e-12
8.4405e-12
5.0587e-12
1.1306e-11
1.3227e-11
1.9621e-11
1.6075e-11
1.8527e-11
7.8949e-12
1.1137e-11
7.2168e-12
8.8549e-12
7.2336e-12
8.5875e-12
6.2777e-12
6.7312e-12
7.3628e-12
7.2343e-12
6.3682e-12
8.2661e-12
1.0892e-11
1.3895e-11
6.9241e-12
1.5482e-11
5.4391e-12
9.2574e-12
8.5224e-12
9.4844e-12
1.1576e-11
1.2858e-11
7.6074e-12
5.2035e-12
3.9077e-12
4.0594e-12
3.511e-12
3.0374e-12
2.5998e-12
2.4817e-12
1.8964e-12
2.5623e-12
1.6115e-12
1.9746e-12
1.7326e-12
2.0348e-12
2.3255e-12
2.6508e-12
3.2474e-12
2.3705e-12
1.6787e-12
2.4166e-12
1.951e-12
2.1855e-12
2.5955e-12
2.2048e-12
2.9403e-12
2.0603e-12
1.8326e-12
2.2368e-12
2.8081e-12
1.7138e-12
2.4313e-12
2.932e-12
4.5608e-12
2.4455e-12
3.0852e-12
2.971e-12
2.3288e-12
2.1371e-12
3.1006e-12
2.8876e-12
3.2262e-12
3.2723e-12
5.0323e-12
5.2194e-12
4.4657e-12
8.5671e-12
9.2797e-12
1.3514e-11
1.1437e-11
9.6144e-12
8.9202e-12
6.6418e-12
4.7233e-12
4.9049e-12
8.2147e-12
5.9066e-12
7.2892e-12
5.0439e-12
8.7161e-12
5.3534e-12
1.1187e-11
1.4686e-11
1.8232e-11
1.8671e-11
1.6693e-11
9.5655e-12
9.7094e-12
8.7236e-12
7.8184e-12
8.3136e-12
8.2326e-12
6.5317e-12
7.4465e-12
6.6663e-12
9.3082e-12
5.1157e-12
1.1302e-11
9.2077e-12
1.5688e-11
7.3875e-12
1.2566e-11
7.7766e-12
6.4433e-12
9.6237e-12
1.1929e-11
7.0433e-12
1.3769e-11
1.5258e-11
7.328e-12
5.5298e-12
4.1521e-12
4.3131e-12
3.7302e-12
3.2266e-12
2.7615e-12
2.6347e-12
2.0133e-12
2.7172e-12
1.7074e-12
2.094e-12
1.8306e-12
2.1706e-12
2.4607e-12
2.8359e-12
3.41e-12
2.4953e-12
1.8023e-12
2.5976e-12
2.115e-12
2.2753e-12
2.7854e-12
2.2657e-12
3.0786e-12
2.1403e-12
1.8892e-12
2.3475e-12
2.8228e-12
1.8126e-12
2.4104e-12
3.3008e-12
4.5979e-12
2.6516e-12
2.9815e-12
3.1827e-12
2.252e-12
2.305e-12
3.0187e-12
3.1326e-12
3.1191e-12
3.5515e-12
4.8791e-12
5.7083e-12
4.4062e-12
9.1571e-12
9.1399e-12
1.3276e-11
1.1389e-11
1.0963e-11
8.7817e-12
7.6449e-12
4.4973e-12
5.5941e-12
7.8712e-12
6.6655e-12
7.2881e-12
5.5403e-12
8.9473e-12
5.6564e-12
1.1908e-11
1.4799e-11
2.0606e-11
1.7852e-11
1.945e-11
8.6883e-12
1.1761e-11
7.6594e-12
9.5552e-12
7.3718e-12
9.5819e-12
6.2256e-12
7.7474e-12
7.3234e-12
8.4011e-12
6.5605e-12
8.8703e-12
1.1967e-11
1.2586e-11
8.3956e-12
1.3557e-11
6.4892e-12
9.3231e-12
6.7026e-12
1.3521e-11
8.7419e-12
8.4065e-12
1.6447e-11
1.4806e-11
7.6616e-12
5.8864e-12
4.4203e-12
4.5916e-12
3.9708e-12
3.4344e-12
2.9388e-12
2.8039e-12
2.142e-12
2.8909e-12
1.8178e-12
2.2234e-12
1.9509e-12
2.2865e-12
2.6137e-12
2.9719e-12
3.6412e-12
2.6505e-12
1.8801e-12
2.6979e-12
2.1818e-12
2.431e-12
2.8979e-12
2.4458e-12
3.2795e-12
2.281e-12
2.0414e-12
2.4733e-12
3.1243e-12
1.8929e-12
2.7054e-12
3.2347e-12
5.0852e-12
2.6933e-12
3.4245e-12
3.2644e-12
2.5778e-12
2.3431e-12
3.4207e-12
3.1641e-12
3.5364e-12
3.5777e-12
5.4803e-12
5.6888e-12
4.846e-12
9.2853e-12
1.004e-11
1.4548e-11
1.2358e-11
1.035e-11
9.668e-12
7.1513e-12
5.1483e-12
5.2864e-12
8.9915e-12
6.349e-12
8.0279e-12
5.4014e-12
9.685e-12
5.6825e-12
1.25e-11
1.5338e-11
2.0099e-11
1.9487e-11
1.8544e-11
1.0052e-11
1.0642e-11
9.2469e-12
8.3571e-12
8.9859e-12
8.4974e-12
7.2949e-12
7.4045e-12
7.739e-12
9.2031e-12
6.0502e-12
1.1557e-11
1.0082e-11
1.7246e-11
6.8588e-12
1.5192e-11
6.7582e-12
7.6953e-12
9.5934e-12
9.3548e-12
1.0009e-11
1.0334e-11
1.0076e-11
1.6028e-11
1.5349e-11
1.0598e-11
6.2612e-12
4.7011e-12
4.8831e-12
4.2226e-12
3.6517e-12
3.1246e-12
2.9797e-12
2.2762e-12
3.0689e-12
1.9283e-12
2.3601e-12
2.0644e-12
2.4394e-12
2.7698e-12
3.1766e-12
3.8324e-12
2.7887e-12
2.0183e-12
2.8996e-12
2.3615e-12
2.5373e-12
3.1057e-12
2.5236e-12
3.4337e-12
2.3814e-12
2.1049e-12
2.6094e-12
3.1451e-12
2.0117e-12
2.6828e-12
3.6616e-12
5.0904e-12
2.9311e-12
3.3152e-12
3.5034e-12
2.4959e-12
2.531e-12
3.3328e-12
3.4296e-12
3.4318e-12
3.8772e-12
5.3252e-12
6.2176e-12
4.777e-12
9.9442e-12
9.9138e-12
1.4337e-11
1.2246e-11
1.1881e-11
9.4147e-12
8.3183e-12
4.8228e-12
6.1218e-12
8.4205e-12
7.3485e-12
7.7945e-12
6.1481e-12
9.5459e-12
6.293e-12
1.2608e-11
1.6544e-11
2.1684e-11
1.9927e-11
2.0374e-11
9.6999e-12
1.2289e-11
8.4239e-12
1.0092e-11
7.8458e-12
1.0363e-11
6.3658e-12
8.6284e-12
7.2901e-12
9.7009e-12
6.5327e-12
1.0431e-11
1.2361e-11
1.3729e-11
9.2258e-12
1.2517e-11
7.8742e-12
8.1298e-12
8.0737e-12
1.3533e-11
6.9538e-12
1.195e-11
1.233e-11
9.8475e-12
1.6722e-11
2.1131e-11
1.1905e-11
4.3014e-11
3.6383e-11
7.7154e-12
1.1823e-11
2.3516e-11
5.295e-12
7.6414e-12
1.2876e-11
1.3439e-11
2.5602e-12
3.3738e-12
6.2825e-12
7.9209e-12
1.2282e-11
2.5289e-12
3.2143e-12
4.3076e-12
4.4471e-12
6.7662e-12
7.2963e-12
1.5779e-12
1.9111e-12
3.0512e-12
2.9874e-12
3.4297e-12
6.1191e-12
6.2823e-12
1.7067e-12
2.026e-12
2.4057e-12
2.4391e-12
2.7171e-12
3.5452e-12
4.6178e-12
5.3631e-12
1.2272e-12
1.4182e-12
1.9544e-12
1.754e-12
2.1086e-12
3.0608e-12
2.4261e-12
4.6582e-12
4.0009e-12
1.272e-12
1.4519e-12
1.5878e-12
1.5646e-12
1.6165e-12
2.167e-12
1.8844e-12
3.397e-12
3.39e-12
3.6629e-12
1.0694e-12
1.2001e-12
1.4731e-12
1.2971e-12
1.5617e-12
1.9489e-12
1.5868e-12
2.6918e-12
2.1269e-12
3.1487e-12
3.2663e-12
9.9241e-13
1.1046e-12
1.1408e-12
1.0996e-12
1.1271e-12
1.3888e-12
1.0649e-12
2.3036e-12
1.4905e-12
2.2671e-12
2.9621e-12
3.2068e-12
8.4136e-13
9.2665e-13
1.0421e-12
9.2092e-13
1.0748e-12
1.2304e-12
9.9744e-13
1.7264e-12
1.3327e-12
1.5034e-12
1.9306e-12
2.7434e-12
3.1707e-12
7.2997e-13
7.9935e-13
7.9227e-13
7.5139e-13
7.6795e-13
8.7227e-13
6.9309e-13
1.3869e-12
7.9468e-13
1.5236e-12
1.2845e-12
1.8704e-12
2.8968e-12
2.9358e-12
5.6687e-13
6.1638e-13
6.5009e-13
5.7865e-13
6.4813e-13
7.0823e-13
5.6474e-13
1.0198e-12
6.9921e-13
8.7699e-13
1.1359e-12
1.0667e-12
1.7798e-12
2.6522e-12
3.1783e-12
5.3695e-13
5.8118e-13
5.5925e-13
5.2372e-13
5.3019e-13
5.6973e-13
4.7997e-13
8.4811e-13
5.0969e-13
9.2902e-13
7.355e-13
1.2791e-12
1.24e-12
1.9141e-12
3.1834e-12
1.8234e-12
5.4616e-13
5.883e-13
5.9218e-13
5.2998e-13
5.6957e-13
6.0713e-13
4.7771e-13
8.8077e-13
5.377e-13
8.0305e-13
8.6725e-13
8.8995e-13
1.5787e-12
1.4446e-12
2.3529e-12
2.3767e-12
1.1602e-12
5.257e-13
5.6432e-13
5.3121e-13
4.9252e-13
4.9145e-13
5.1078e-13
4.4698e-13
7.1543e-13
4.6275e-13
7.5431e-13
6.4013e-13
1.0212e-12
1.0349e-12
1.7893e-12
1.647e-12
1.7017e-12
1.591e-12
1.9306e-12
5.0139e-13
5.3627e-13
5.2165e-13
4.6825e-13
4.848e-13
5.0961e-13
3.9826e-13
7.3257e-13
4.1377e-13
6.9607e-13
6.265e-13
7.8926e-13
1.1703e-12
1.1628e-12
2.0284e-12
1.178e-12
1.0817e-12
2.0878e-12
1.181e-12
4.7483e-13
5.0665e-13
4.691e-13
4.3135e-13
4.2327e-13
4.3185e-13
3.8419e-13
5.7724e-13
3.9233e-13
5.8339e-13
5.2689e-13
7.451e-13
8.8144e-13
1.298e-12
1.2626e-12
1.4977e-12
7.357e-13
1.6256e-12
1.727e-12
1.4412e-12
4.6109e-13
4.9065e-13
4.6534e-13
4.18e-13
4.1917e-13
4.3681e-13
3.4056e-13
6.1625e-13
3.3595e-13
5.9689e-13
4.6961e-13
6.8928e-13
8.5312e-13
1.0494e-12
1.5418e-12
9.891e-13
9.1638e-13
9.5581e-13
1.1674e-12
1.7578e-12
1.4616e-12
4.2061e-13
4.4668e-13
4.0844e-13
3.7283e-13
3.599e-13
3.6346e-13
3.2379e-13
4.6979e-13
3.2687e-13
4.5951e-13
4.2574e-13
5.5439e-13
7.2201e-13
8.9659e-13
1.1151e-12
1.0712e-12
6.2084e-13
1.3396e-12
7.5307e-13
1.2791e-12
1.9927e-12
1.126e-12
4.1391e-13
4.3865e-13
4.0824e-13
3.6646e-13
3.5775e-13
3.7046e-13
2.8884e-13
5.1055e-13
2.7723e-13
4.9685e-13
3.6224e-13
5.7571e-13
6.2434e-13
8.9443e-13
1.1308e-12
9.0832e-13
6.6339e-13
8.5103e-13
9.246e-13
7.3392e-13
1.4205e-12
1.5965e-12
1.4284e-12
3.8967e-13
4.123e-13
3.7336e-13
3.387e-13
3.2192e-13
3.2328e-13
2.8585e-13
4.0794e-13
2.8521e-13
3.9037e-13
3.6054e-13
4.5527e-13
6.0516e-13
6.7235e-13
9.9386e-13
7.7154e-13
6.0453e-13
9.9469e-13
6.7581e-13
1.0573e-12
8.8714e-13
1.2046e-12
1.9698e-12
9.178e-13
3.9997e-13
4.2253e-13
3.8763e-13
3.4738e-13
3.3168e-13
3.4169e-13
2.6661e-13
4.5926e-13
2.5286e-13
4.4515e-13
3.1621e-13
5.1312e-13
5.1627e-13
7.952e-13
9.2047e-13
8.4696e-13
5.2305e-13
8.7689e-13
7.0057e-13
7.489e-13
1.1694e-12
6.9661e-13
1.5652e-12
1.4352e-12
8.2377e-13
4.052e-13
4.2751e-13
3.8418e-13
3.4663e-13
3.2488e-13
3.2512e-13
2.8408e-13
4.0299e-13
2.8005e-13
3.803e-13
3.446e-13
4.3872e-13
5.6438e-13
6.077e-13
9.5638e-13
6.4281e-13
6.0908e-13
8.2806e-13
7.6188e-13
8.5655e-13
9.1072e-13
1.0843e-12
9.7148e-13
1.2153e-12
1.2324e-12
1.0099e-12
3.8365e-13
4.0425e-13
3.6682e-13
3.28e-13
3.0756e-13
3.1524e-13
2.4618e-13
4.1347e-13
2.3251e-13
3.9706e-13
2.8409e-13
4.5373e-13
4.4467e-13
6.9123e-13
7.7509e-13
7.4845e-13
4.3221e-13
8.1732e-13
5.5245e-13
8.0391e-13
8.4847e-13
7.1773e-13
1.2605e-12
6.2398e-13
9.3367e-13
1.4859e-12
1.1534e-12
3.7582e-13
3.9555e-13
3.5333e-13
3.1726e-13
2.9369e-13
2.9322e-13
2.527e-13
3.5816e-13
2.4614e-13
3.3485e-13
2.9608e-13
3.8748e-13
4.7031e-13
5.2388e-13
8.0394e-13
5.1185e-13
5.1756e-13
6.524e-13
6.9637e-13
6.3729e-13
9.3104e-13
7.5665e-13
9.1615e-13
9.5614e-13
5.506e-13
1.2527e-12
1.6572e-12
7.0632e-13
3.9057e-13
4.1067e-13
3.6949e-13
3.2957e-13
3.0447e-13
3.1058e-13
2.4266e-13
3.9802e-13
2.2878e-13
3.7766e-13
2.7671e-13
4.2758e-13
4.2139e-13
6.3581e-13
7.1749e-13
6.8533e-13
3.983e-13
7.6439e-13
5.0359e-13
8.1139e-13
7.0809e-13
8.2778e-13
9.3804e-13
6.8173e-13
7.949e-13
7.0954e-13
1.4487e-12
1.1357e-12
9.7974e-13
3.6851e-13
3.8712e-13
3.441e-13
3.077e-13
2.8176e-13
2.8072e-13
2.3856e-13
3.3865e-13
2.2972e-13
3.1411e-13
2.7136e-13
3.667e-13
4.1795e-13
4.9715e-13
7.0947e-13
4.6282e-13
4.5173e-13
5.8101e-13
6.3147e-13
5.4917e-13
9.081e-13
5.8754e-13
9.9118e-13
6.8249e-13
5.3914e-13
1.0365e-12
7.9694e-13
9.3708e-13
1.36e-12
1.3371e-12
3.3325e-13
3.4982e-13
3.1264e-13
2.7816e-13
2.5386e-13
2.5773e-13
2.0136e-13
3.2328e-13
1.8963e-13
3.0271e-13
2.283e-13
3.399e-13
3.4212e-13
4.9253e-13
5.7012e-13
5.2155e-13
3.165e-13
5.842e-13
4.0495e-13
6.405e-13
5.6024e-13
7.019e-13
6.4877e-13
6.5255e-13
4.8099e-13
6.3875e-13
1.0382e-12
4.67e-13
1.0655e-12
1.6585e-12
1.5694e-12
3.1444e-13
3.298e-13
2.9199e-13
2.6014e-13
2.3599e-13
2.3465e-13
1.9676e-13
2.7985e-13
1.8741e-13
2.577e-13
2.1831e-13
3.0347e-13
3.2724e-13
4.1741e-13
5.4603e-13
3.8138e-13
3.3938e-13
4.6978e-13
4.8184e-13
4.4225e-13
7.2223e-13
4.4983e-13
8.397e-13
4.5329e-13
4.963e-13
6.3171e-13
6.8724e-13
6.7441e-13
5.7981e-13
1.4322e-12
2.1473e-12
7.9437e-13
3.3053e-13
3.4645e-13
3.0799e-13
2.7334e-13
2.4698e-13
2.4956e-13
1.9491e-13
3.0697e-13
1.8319e-13
2.8356e-13
2.2005e-13
3.1628e-13
3.2647e-13
4.4757e-13
5.342e-13
4.6231e-13
2.9587e-13
5.1592e-13
3.8359e-13
5.6814e-13
5.4405e-13
6.432e-13
6.1477e-13
6.3755e-13
3.796e-13
6.9264e-13
7.1488e-13
4.9473e-13
8.9327e-13
8.0503e-13
1.9583e-12
1.3023e-12
1.0197e-12
3.4683e-13
3.6329e-13
3.2059e-13
2.847e-13
2.5619e-13
2.5421e-13
2.1054e-13
2.9996e-13
1.985e-13
2.741e-13
2.2887e-13
3.25e-13
3.356e-13
4.5426e-13
5.4755e-13
4.1439e-13
3.3012e-13
4.9964e-13
4.6842e-13
4.7304e-13
7.1808e-13
4.8196e-13
8.6517e-13
4.5818e-13
5.3656e-13
5.3499e-13
7.9776e-13
5.2818e-13
6.5612e-13
1.3422e-12
1.1818e-12
1.203e-12
1.4803e-12
9.9544e-13
3.4275e-13
3.5883e-13
3.1764e-13
2.8124e-13
2.5202e-13
2.5351e-13
1.9784e-13
3.0635e-13
1.854e-13
2.792e-13
2.2225e-13
3.0984e-13
3.2753e-13
4.2992e-13
5.2748e-13
4.3235e-13
2.9056e-13
4.7949e-13
3.7858e-13
5.2047e-13
5.5231e-13
5.9502e-13
6.4604e-13
6.0686e-13
3.8572e-13
6.9608e-13
5.7639e-13
5.4808e-13
6.3634e-13
9.3056e-13
1.7363e-12
6.6966e-13
1.357e-12
1.5794e-12
7.6675e-13
3.7632e-13
3.9374e-13
3.4651e-13
3.0684e-13
2.7423e-13
2.7149e-13
2.2238e-13
3.1713e-13
2.077e-13
2.8744e-13
2.3767e-13
3.422e-13
3.429e-13
4.8509e-13
5.4607e-13
4.4474e-13
3.193e-13
5.2482e-13
4.4732e-13
4.9842e-13
6.9251e-13
5.1636e-13
8.5234e-13
4.9782e-13
5.4163e-13
5.389e-13
8.2945e-13
4.4118e-13
7.3367e-13
1.0319e-12
1.3662e-12
1.1049e-12
8.0069e-13
1.5241e-12
1.2173e-12
7.4835e-13
3.8812e-13
4.059e-13
3.5807e-13
3.1633e-13
2.8155e-13
2.8196e-13
2.1981e-13
3.3533e-13
2.0521e-13
3.0165e-13
2.4534e-13
3.3347e-13
3.5966e-13
4.5599e-13
5.7133e-13
4.4725e-13
3.121e-13
4.9336e-13
4.0531e-13
5.2159e-13
6.0203e-13
5.937e-13
7.3209e-13
6.1099e-13
4.5685e-13
7.1638e-13
6.4828e-13
5.8855e-13
5.5068e-13
1.1089e-12
1.3583e-12
8.5569e-13
1.3028e-12
8.8569e-13
1.1375e-12
1.2396e-12
1.1097e-12
3.9079e-13
4.0849e-13
3.5868e-13
3.1681e-13
2.8148e-13
2.7803e-13
2.2552e-13
3.2159e-13
2.088e-13
2.8902e-13
2.3762e-13
3.4456e-13
3.3898e-13
4.9368e-13
5.2754e-13
4.5565e-13
3.0036e-13
5.2673e-13
4.1222e-13
4.9936e-13
6.38e-13
5.242e-13
7.9591e-13
5.2025e-13
5.1316e-13
5.7155e-13
7.9032e-13
4.3113e-13
7.1233e-13
8.2347e-13
1.4654e-12
8.1185e-13
9.2419e-13
1.3262e-12
6.124e-13
1.1207e-12
1.6816e-12
1.0013e-12
4.0531e-13
4.2352e-13
3.7254e-13
3.2845e-13
2.9068e-13
2.899e-13
2.2572e-13
3.3983e-13
2.0974e-13
3.0191e-13
2.4991e-13
3.328e-13
3.6464e-13
4.5051e-13
5.7235e-13
4.3284e-13
3.0962e-13
4.7584e-13
3.9812e-13
4.8764e-13
5.9565e-13
5.4792e-13
7.4423e-13
5.6291e-13
4.8738e-13
6.6314e-13
7.2468e-13
5.4932e-13
5.7397e-13
1.0712e-12
1.0883e-12
9.3268e-13
9.3245e-13
1.0671e-12
1.0056e-12
6.4629e-13
1.5411e-12
1.6793e-12
1.1449e-12
4.2025e-13
4.3893e-13
3.8467e-13
3.39e-13
2.9969e-13
2.9531e-13
2.3752e-13
3.3841e-13
2.1816e-13
3.0141e-13
2.4723e-13
3.5905e-13
3.5012e-13
5.1821e-13
5.3392e-13
4.8123e-13
2.9807e-13
5.4585e-13
3.9918e-13
5.1439e-13
6.1288e-13
5.4345e-13
7.7017e-13
5.5116e-13
5.025e-13
6.2605e-13
7.7352e-13
4.7761e-13
6.8948e-13
8.4164e-13
1.4546e-12
6.8478e-13
1.0131e-12
1.0115e-12
7.5567e-13
1.0042e-12
8.5858e-13
1.5546e-12
1.8171e-12
1.1708e-12
4.2094e-13
4.3951e-13
3.857e-13
3.3941e-13
2.9897e-13
2.9697e-13
2.3095e-13
3.4362e-13
2.1347e-13
3.0174e-13
2.5326e-13
3.3179e-13
3.6793e-13
4.4641e-13
5.714e-13
4.2224e-13
3.0604e-13
4.6361e-13
3.8802e-13
4.6099e-13
5.794e-13
5.0957e-13
7.3485e-13
5.1976e-13
4.9831e-13
6.1043e-13
7.8117e-13
5.0134e-13
6.4611e-13
9.6833e-13
1.1311e-12
8.8835e-13
7.3581e-13
1.1519e-12
7.2149e-13
7.8144e-13
1.346e-12
8.7594e-13
1.5897e-12
1.9171e-12
1.7588e-12
4.1036e-13
4.2831e-13
3.7474e-13
3.2959e-13
2.9012e-13
2.8521e-13
2.2772e-13
3.2394e-13
2.0761e-13
2.8586e-13
2.3453e-13
3.3959e-13
3.3059e-13
4.9231e-13
4.9577e-13
4.5933e-13
2.7332e-13
5.123e-13
3.5735e-13
4.7857e-13
5.4102e-13
5.0581e-13
6.8126e-13
5.1891e-13
4.4933e-13
6.0522e-13
6.9381e-13
4.7596e-13
6.0843e-13
8.5599e-13
1.2531e-12
6.4785e-13
8.9502e-13
7.895e-13
7.5334e-13
6.9496e-13
9.9379e-13
1.2403e-12
8.3875e-13
1.6503e-12
2.6644e-12
1.7549e-12
4.1482e-13
4.3283e-13
3.7909e-13
3.3303e-13
2.9218e-13
2.8916e-13
2.2457e-13
3.3066e-13
2.0642e-13
2.8716e-13
2.4369e-13
3.1512e-13
3.5246e-13
4.2256e-13
5.4233e-13
3.9545e-13
2.8778e-13
4.3405e-13
3.591e-13
4.2104e-13
5.3138e-13
4.5796e-13
6.7711e-13
4.6321e-13
4.6925e-13
5.4098e-13
7.6519e-13
4.3891e-13
6.6629e-13
8.2105e-13
1.2092e-12
7.5803e-13
7.2434e-13
1.0308e-12
5.4803e-13
7.9541e-13
9.2429e-13
9.9843e-13
1.3017e-12
9.6855e-13
2.3142e-12
2.9152e-12
1.4663e-12
4.2603e-13
4.4439e-13
3.8827e-13
3.4088e-13
2.9896e-13
2.9321e-13
2.3263e-13
3.3022e-13
2.1066e-13
2.8868e-13
2.373e-13
3.4147e-13
3.3362e-13
4.96e-13
4.9361e-13
4.643e-13
2.705e-13
5.1028e-13
3.4628e-13
4.7197e-13
5.1527e-13
4.9684e-13
6.4666e-13
5.1117e-13
4.3075e-13
6.0597e-13
6.7021e-13
4.8851e-13
5.8455e-13
9.129e-13
1.153e-12
7.0059e-13
8.0781e-13
7.9981e-13
6.966e-13
5.8077e-13
1.0563e-12
9.0051e-13
1.0557e-12
1.3845e-12
1.2972e-12
2.6386e-12
2.3727e-12
2.8174e-12
4.0014e-13
4.1729e-13
3.6487e-13
3.2003e-13
2.7984e-13
2.7599e-13
2.1406e-13
3.1226e-13
1.9562e-13
2.6839e-13
2.2969e-13
2.9389e-13
3.3073e-13
3.9361e-13
5.0472e-13
3.6585e-13
2.6571e-13
4.0158e-13
3.2627e-13
3.8258e-13
4.763e-13
4.1071e-13
6.046e-13
4.1219e-13
4.2355e-13
4.792e-13
7.0913e-13
3.8553e-13
6.4145e-13
6.9848e-13
1.2198e-12
6.2998e-13
7.608e-13
8.519e-13
5.2614e-13
6.9182e-13
7.0455e-13
9.8382e-13
8.8025e-13
1.0912e-12
1.8266e-12
1.429e-12
1.9044e-12
4.4017e-12
2.882e-12
4.0338e-13
4.2054e-13
3.6699e-13
3.2168e-13
2.8124e-13
2.752e-13
2.1717e-13
3.0747e-13
1.9543e-13
2.6629e-13
2.1962e-13
3.1326e-13
3.0819e-13
4.5497e-13
4.5131e-13
4.2668e-13
2.4691e-13
4.6314e-13
3.109e-13
4.2403e-13
4.5423e-13
4.4349e-13
5.6552e-13
4.5454e-13
3.7942e-13
5.4287e-13
5.9664e-13
4.4476e-13
5.2406e-13
8.5693e-13
9.9983e-13
6.7644e-13
6.7631e-13
7.817e-13
5.6078e-13
5.3791e-13
8.8119e-13
7.0313e-13
1.023e-12
9.1383e-13
1.5327e-12
1.995e-12
1.0525e-12
3.8669e-12
4.4209e-12
3.8642e-12
4.139e-13
4.314e-13
3.7669e-13
3.2992e-13
2.8768e-13
2.828e-13
2.1906e-13
3.1691e-13
1.9903e-13
2.6975e-13
2.3235e-13
2.9475e-13
3.3307e-13
3.9467e-13
5.0453e-13
3.655e-13
2.6393e-13
4.0086e-13
3.1934e-13
3.7758e-13
4.5878e-13
4.0152e-13
5.7647e-13
4.0056e-13
4.0452e-13
4.6416e-13
6.8806e-13
3.7279e-13
6.3807e-13
6.64e-13
1.2568e-12
5.797e-13
8.2712e-13
7.542e-13
5.8562e-13
6.0971e-13
7.2729e-13
9.1103e-13
7.4155e-13
1.1437e-12
1.3276e-12
1.7566e-12
1.5854e-12
2.2992e-12
3.97e-12
6.761e-12
3.3146e-12
4.3475e-13
4.5303e-13
3.9492e-13
3.4568e-13
3.0139e-13
2.9428e-13
2.3115e-13
3.2633e-13
2.0683e-13
2.8002e-13
2.3187e-13
3.2731e-13
3.2502e-13
4.7455e-13
4.7212e-13
4.4533e-13
2.5862e-13
4.7841e-13
3.2166e-13
4.3383e-13
4.6189e-13
4.5028e-13
5.6835e-13
4.5771e-13
3.8283e-13
5.4686e-13
6.0804e-13
4.5194e-13
5.4215e-13
8.8811e-13
1.022e-12
7.172e-13
6.7404e-13
8.4856e-13
5.2733e-13
5.9552e-13
7.9261e-13
7.6364e-13
9.6444e-13
8.2726e-13
1.7019e-12
1.4941e-12
1.4447e-12
3.2796e-12
2.288e-12
5.9652e-12
5.6059e-12
3.033e-12
4.5405e-13
4.7305e-13
4.1256e-13
3.6088e-13
3.139e-13
3.0767e-13
2.3803e-13
3.4179e-13
2.1504e-13
2.8828e-13
2.4954e-13
3.1425e-13
3.5611e-13
4.2101e-13
5.3584e-13
3.8913e-13
2.7897e-13
4.2619e-13
3.3333e-13
3.9876e-13
4.7105e-13
4.2156e-13
5.8332e-13
4.186e-13
4.0701e-13
4.8396e-13
6.9715e-13
3.8973e-13
6.5588e-13
6.9473e-13
1.3215e-12
5.9149e-13
9.0953e-13
7.3704e-13
6.6941e-13
5.7127e-13
8.4645e-13
8.5169e-13
8.1906e-13
1.111e-12
1.2234e-12
1.9479e-12
1.22e-12
3.0522e-12
3.4434e-12
3.7126e-12
5.064e-12
5.2488e-12
2.5979e-12
4.8099e-13
5.01e-13
4.3635e-13
3.8146e-13
3.318e-13
3.233e-13
2.5294e-13
3.56e-13
2.2514e-13
3.0274e-13
2.5181e-13
3.5139e-13
3.5258e-13
5.0787e-13
5.0905e-13
4.7637e-13
2.7953e-13
5.0755e-13
3.4478e-13
4.5636e-13
4.8737e-13
4.6999e-13
5.9147e-13
4.7257e-13
3.9842e-13
5.6185e-13
6.3753e-13
4.6569e-13
5.7793e-13
9.2447e-13
1.0961e-12
7.5842e-13
7.1637e-13
9.1381e-13
5.4395e-13
6.5907e-13
7.5334e-13
8.7372e-13
8.8091e-13
9.3384e-13
1.6462e-12
1.4148e-12
1.6513e-12
2.5179e-12
3.2465e-12
5.0926e-12
2.9582e-12
5.0235e-12
4.4988e-12
2.1883e-12
5.0436e-13
5.2527e-13
4.5762e-13
3.9983e-13
3.4706e-13
3.3923e-13
2.6214e-13
3.739e-13
2.3552e-13
3.1269e-13
2.7167e-13
3.4e-13
3.8596e-13
4.5577e-13
5.7722e-13
4.2098e-13
2.9953e-13
4.5989e-13
3.5437e-13
4.2901e-13
4.931e-13
4.5179e-13
6.0046e-13
4.471e-13
4.142e-13
5.1568e-13
7.0916e-13
4.1705e-13
6.7099e-13
7.5173e-13
1.3688e-12
6.3257e-13
9.762e-13
7.6787e-13
7.4168e-13
5.6643e-13
9.6654e-13
8.1559e-13
9.5266e-13
1.0401e-12
1.3856e-12
1.9003e-12
1.1678e-12
3.427e-12
2.6838e-12
5.1848e-12
4.375e-12
2.8675e-12
4.1095e-12
3.7589e-12
1.4461e-12
5.3468e-13
5.5672e-13
4.845e-13
4.2306e-13
3.6724e-13
3.5712e-13
2.7846e-13
3.9068e-13
2.4667e-13
3.2936e-13
2.752e-13
3.7941e-13
3.8493e-13
5.4613e-13
5.5312e-13
5.1155e-13
3.0457e-13
5.4149e-13
3.7349e-13
4.8343e-13
5.2112e-13
4.9431e-13
6.2296e-13
4.9115e-13
4.1834e-13
5.7897e-13
6.7176e-13
4.7917e-13
6.1784e-13
9.5344e-13
1.1898e-12
7.905e-13
7.7841e-13
9.6372e-13
5.9518e-13
7.0852e-13
7.811e-13
9.6581e-13
8.3351e-13
1.0717e-12
1.4998e-12
1.6221e-12
1.6046e-12
2.4498e-12
3.7029e-12
4.016e-12
4.2441e-12
4.2949e-12
2.3872e-12
3.6496e-12
2.4509e-12
1.7125e-12
5.6227e-13
5.8537e-13
5.0954e-13
4.4471e-13
3.8532e-13
3.7569e-13
2.9e-13
4.1113e-13
2.5916e-13
3.411e-13
2.9717e-13
3.6985e-13
4.2034e-13
4.961e-13
6.2511e-13
4.5809e-13
3.2373e-13
4.9879e-13
3.802e-13
4.6482e-13
5.2209e-13
4.8843e-13
6.2496e-13
4.8176e-13
4.2455e-13
5.5423e-13
7.2214e-13
4.4964e-13
6.8217e-13
8.2198e-13
1.3965e-12
6.8997e-13
1.0251e-12
8.3224e-13
7.9739e-13
5.9428e-13
1.0646e-12
8.2293e-13
1.0745e-12
9.9379e-13
1.6021e-12
1.7697e-12
1.3436e-12
3.3335e-12
2.6462e-12
5.9151e-12
3.3872e-12
4.0402e-12
3.5173e-12
2.1023e-12
2.3021e-12
2.8975e-12
2.6771e-12
5.9181e-13
6.16e-13
5.3571e-13
4.673e-13
4.0491e-13
3.9303e-13
3.0557e-13
4.2736e-13
2.6949e-13
3.5728e-13
2.9993e-13
4.0842e-13
4.1896e-13
5.8498e-13
5.9978e-13
5.4677e-13
3.3104e-13
5.7593e-13
4.0443e-13
5.1124e-13
5.5821e-13
5.1957e-13
6.5749e-13
5.1027e-13
4.3882e-13
5.9515e-13
7.0473e-13
4.903e-13
6.5474e-13
9.7168e-13
1.2836e-12
8.113e-13
8.4273e-13
9.9629e-13
6.6162e-13
7.4018e-13
8.6292e-13
1.0231e-12
8.5952e-13
1.1715e-12
1.3937e-12
1.8482e-12
1.4517e-12
2.8232e-12
3.5733e-12
4.0905e-12
4.823e-12
3.2611e-12
3.4129e-12
3.0775e-12
1.3152e-12
2.8288e-12
4.6054e-12
2.2059e-12
6.2564e-13
6.5115e-13
5.6635e-13
4.9383e-13
4.2721e-13
4.1557e-13
3.2045e-13
4.5183e-13
2.8494e-13
3.721e-13
3.2484e-13
4.0226e-13
4.575e-13
5.3973e-13
6.7682e-13
4.9835e-13
3.5013e-13
5.404e-13
4.0919e-13
5.0368e-13
5.5604e-13
5.2838e-13
6.5516e-13
5.1957e-13
4.3754e-13
5.9563e-13
7.3583e-13
4.8402e-13
6.898e-13
8.954e-13
1.4062e-12
7.5303e-13
1.0569e-12
9.1277e-13
8.3635e-13
6.4424e-13
1.1361e-12
8.7016e-13
1.1662e-12
1.0046e-12
1.7763e-12
1.6828e-12
1.541e-12
3.0673e-12
3.0688e-12
5.7518e-12
3.4097e-12
4.5333e-12
2.6851e-12
2.9209e-12
1.9431e-12
1.6358e-12
4.4221e-12
3.6817e-12
2.5241e-12
6.5657e-13
6.8321e-13
5.938e-13
5.1748e-13
4.477e-13
4.3381e-13
3.3644e-13
4.6906e-13
2.9551e-13
3.8904e-13
3.2807e-13
4.4125e-13
4.5756e-13
6.2852e-13
6.5305e-13
5.8583e-13
3.6101e-13
6.1487e-13
4.3986e-13
5.4346e-13
6.0194e-13
5.4963e-13
6.9926e-13
5.3414e-13
4.6298e-13
6.16e-13
7.4098e-13
5.042e-13
6.9238e-13
9.9039e-13
1.38e-12
8.3083e-13
9.0788e-13
1.0251e-12
7.3426e-13
7.6455e-13
9.7723e-13
1.0592e-12
9.5679e-13
1.2345e-12
1.4238e-12
2.01e-12
1.3443e-12
3.2087e-12
3.2507e-12
4.7613e-12
4.6574e-12
3.2509e-12
3.8711e-12
2.3117e-12
1.8892e-12
2.366e-12
2.5118e-12
3.633e-12
4.4208e-12
2.0083e-12
6.9828e-13
7.2657e-13
6.3152e-13
5.5018e-13
4.753e-13
4.6138e-13
3.5543e-13
4.9867e-13
3.1455e-13
4.0785e-13
3.5658e-13
4.3953e-13
5.0012e-13
5.8972e-13
7.3625e-13
5.4437e-13
3.8076e-13
5.8762e-13
4.4365e-13
5.4799e-13
5.9825e-13
5.7408e-13
6.9557e-13
5.626e-13
4.5676e-13
6.4242e-13
7.5721e-13
5.2169e-13
7.0117e-13
9.7315e-13
1.4138e-12
8.2052e-13
1.083e-12
1.0034e-12
8.6748e-13
7.0863e-13
1.193e-12
9.4778e-13
1.2381e-12
1.0761e-12
1.9064e-12
1.7173e-12
1.6937e-12
2.9013e-12
3.5071e-12
5.2554e-12
4.0302e-12
4.3676e-12
2.7665e-12
3.2436e-12
1.4718e-12
2.2743e-12
3.7036e-12
2.0922e-12
4.3202e-12
3.3293e-12
3.2372e-12
7.3407e-13
7.6363e-13
6.6335e-13
5.7759e-13
4.9904e-13
4.8274e-13
3.7361e-13
5.1928e-13
3.2693e-13
4.2746e-13
3.6202e-13
4.8107e-13
5.0402e-13
6.8117e-13
7.1754e-13
6.3282e-13
3.9694e-13
6.6255e-13
4.8267e-13
5.8377e-13
6.5607e-13
5.8828e-13
7.5283e-13
5.6669e-13
4.9388e-13
6.4649e-13
7.8581e-13
5.2524e-13
7.3509e-13
1.0194e-12
1.4854e-12
8.5783e-13
9.7629e-13
1.0621e-12
8.1025e-13
7.9192e-13
1.107e-12
1.0914e-12
1.098e-12
1.2799e-12
1.5924e-12
2.1174e-12
1.374e-12
3.4866e-12
3.0553e-12
5.3872e-12
4.255e-12
3.8371e-12
3.7556e-12
2.3511e-12
2.1393e-12
1.7717e-12
3.6455e-12
3.0371e-12
2.454e-12
3.3169e-12
5.7604e-12
2.1966e-12
7.8069e-13
8.1209e-13
7.0545e-13
6.1409e-13
5.299e-13
5.1337e-13
3.9513e-13
5.519e-13
3.4813e-13
4.4849e-13
3.9254e-13
4.8175e-13
5.4833e-13
6.4608e-13
8.0351e-13
5.9613e-13
4.156e-13
6.4029e-13
4.8356e-13
5.9746e-13
6.4869e-13
6.2502e-13
7.465e-13
6.1036e-13
4.8283e-13
6.938e-13
7.8814e-13
5.621e-13
7.1888e-13
1.0527e-12
1.4264e-12
8.8951e-13
1.1077e-12
1.0967e-12
8.9465e-13
7.7896e-13
1.2412e-12
1.0398e-12
1.2981e-12
1.1857e-12
2.0057e-12
1.8633e-12
1.7986e-12
2.9652e-12
3.8159e-12
4.873e-12
4.613e-12
4.0055e-12
3.3279e-12
3.0973e-12
1.5528e-12
2.5048e-12
2.8016e-12
2.929e-12
3.5861e-12
1.9035e-12
5.7241e-12
3.748e-12
4.5082e-12
8.1378e-13
8.4638e-13
7.3485e-13
6.3939e-13
5.5175e-13
5.3294e-13
4.1169e-13
5.7053e-13
3.5902e-13
4.6633e-13
3.9655e-13
5.208e-13
5.5097e-13
7.3283e-13
7.8263e-13
6.7833e-13
4.3288e-13
7.091e-13
5.2547e-13
6.235e-13
7.1049e-13
6.2673e-13
8.0677e-13
5.9961e-13
5.2421e-13
6.7743e-13
8.2769e-13
5.4632e-13
7.7223e-13
1.0461e-12
1.5764e-12
8.8201e-13
1.0323e-12
1.0952e-12
8.7323e-13
8.1469e-13
1.2218e-12
1.1127e-12
1.2376e-12
1.3027e-12
1.8169e-12
2.1625e-12
1.5165e-12
3.6127e-12
3.1054e-12
5.7253e-12
3.9512e-12
4.334e-12
3.4045e-12
2.7909e-12
2.0454e-12
1.8145e-12
4.0502e-12
2.2395e-12
3.5324e-12
2.728e-12
3.209e-12
3.7051e-12
8.0934e-12
6.255e-12
8.5179e-13
8.8583e-13
7.6912e-13
6.6903e-13
5.767e-13
5.5771e-13
4.2891e-13
5.9664e-13
3.7634e-13
4.8196e-13
4.2218e-13
5.1597e-13
5.8745e-13
6.9143e-13
8.5705e-13
6.3746e-13
4.4353e-13
6.812e-13
5.1581e-13
6.3579e-13
6.8983e-13
6.6407e-13
7.8802e-13
6.4609e-13
5.0346e-13
7.309e-13
8.0965e-13
5.8985e-13
7.2699e-13
1.1048e-12
1.4152e-12
9.346e-13
1.1075e-12
1.1598e-12
8.9858e-13
8.289e-13
1.2544e-12
1.1077e-12
1.3202e-12
1.2779e-12
2.0404e-12
2.0223e-12
1.8282e-12
3.1614e-12
3.9063e-12
4.7613e-12
4.8619e-12
3.7168e-12
3.7214e-12
2.759e-12
1.8512e-12
2.3151e-12
2.9063e-12
3.1303e-12
2.6339e-12
2.6107e-12
4.589e-12
2.093e-12
8.0026e-12
1.0534e-11
7.6703e-12
8.8617e-13
9.2147e-13
7.9968e-13
6.9533e-13
5.9938e-13
5.7813e-13
4.459e-13
6.1621e-13
3.8761e-13
5.0033e-13
4.2703e-13
5.5462e-13
5.9205e-13
7.7544e-13
8.3927e-13
7.1494e-13
4.6375e-13
7.4673e-13
5.6201e-13
6.5575e-13
7.5676e-13
6.5807e-13
8.5199e-13
6.2646e-13
5.4843e-13
7.0213e-13
8.5855e-13
5.6234e-13
7.9634e-13
1.0625e-12
1.6363e-12
8.9661e-13
1.0652e-12
1.1164e-12
9.1233e-13
8.2781e-13
1.3e-12
1.1205e-12
1.3435e-12
1.3039e-12
2.0202e-12
2.1538e-12
1.6963e-12
3.6039e-12
3.3455e-12
5.7668e-12
3.9415e-12
4.5278e-12
3.1231e-12
3.1054e-12
1.8232e-12
2.1432e-12
3.7713e-12
2.2832e-12
3.8423e-12
1.9707e-12
4.5203e-12
2.9592e-12
4.4835e-12
1.0426e-11
1.4436e-11
7.8191e-12
9.4576e-13
9.8335e-13
8.534e-13
7.4185e-13
6.3888e-13
6.1684e-13
4.7402e-13
6.5697e-13
4.1434e-13
5.2774e-13
4.6256e-13
5.6309e-13
6.4125e-13
7.5368e-13
9.3161e-13
6.9403e-13
4.8241e-13
7.3785e-13
5.6123e-13
6.8856e-13
7.4934e-13
7.1788e-13
8.5196e-13
6.9582e-13
5.3932e-13
7.8327e-13
8.561e-13
6.2907e-13
7.577e-13
1.1745e-12
1.4466e-12
9.9365e-13
1.1332e-12
1.2382e-12
9.2053e-13
8.8978e-13
1.2899e-12
1.1906e-12
1.3661e-12
1.3897e-12
2.1119e-12
2.2301e-12
1.8811e-12
3.5206e-12
3.9983e-12
5.1323e-12
5.014e-12
3.8266e-12
3.9662e-12
2.621e-12
2.1088e-12
2.0944e-12
3.5247e-12
2.9286e-12
2.8106e-12
2.8224e-12
3.4042e-12
2.9331e-12
6.467e-12
5.9491e-12
1.4355e-11
1.3817e-11
7.6273e-12
9.9824e-13
1.0378e-12
9.0027e-13
7.8229e-13
6.7373e-13
6.4898e-13
4.9987e-13
6.8893e-13
4.3326e-13
5.5591e-13
4.7611e-13
6.1182e-13
6.5855e-13
8.4994e-13
9.3176e-13
7.8039e-13
5.1398e-13
8.148e-13
6.2183e-13
7.1508e-13
8.3457e-13
7.169e-13
9.3325e-13
6.8021e-13
5.9558e-13
7.576e-13
9.2418e-13
6.0311e-13
8.5029e-13
1.1261e-12
1.7525e-12
9.5006e-13
1.1327e-12
1.1854e-12
9.7566e-13
8.7659e-13
1.4083e-12
1.1785e-12
1.4787e-12
1.362e-12
2.278e-12
2.2298e-12
1.9498e-12
3.7072e-12
3.8287e-12
5.9195e-12
4.4028e-12
4.6989e-12
3.2434e-12
3.3441e-12
1.748e-12
2.4715e-12
3.4734e-12
2.814e-12
3.7066e-12
2.1032e-12
5.0486e-12
2.2164e-12
6.4948e-12
8.5452e-12
8.5043e-12
1.387e-11
1.426e-11
3.932e-12
1.0685e-12
1.1108e-12
9.6356e-13
8.3712e-13
7.2033e-13
6.9445e-13
5.3329e-13
7.3664e-13
4.6448e-13
5.8871e-13
5.162e-13
6.26e-13
7.1308e-13
8.3665e-13
1.0318e-12
7.6926e-13
5.3464e-13
8.1369e-13
6.2243e-13
7.5886e-13
8.306e-13
7.8951e-13
9.4179e-13
7.6236e-13
5.9245e-13
8.5404e-13
9.306e-13
6.8214e-13
8.1403e-13
1.2661e-12
1.5279e-12
1.0705e-12
1.1898e-12
1.3366e-12
9.6465e-13
9.6448e-13
1.3541e-12
1.2918e-12
1.4427e-12
1.5206e-12
2.2355e-12
2.4733e-12
1.9783e-12
3.9766e-12
4.1576e-12
5.8445e-12
5.1712e-12
4.2768e-12
4.1197e-12
2.7788e-12
2.2731e-12
2.0409e-12
4.0666e-12
2.6952e-12
3.4794e-12
2.6723e-12
3.7477e-12
3.2061e-12
4.8681e-12
8.5714e-12
1.1555e-11
8.0065e-12
1.4651e-11
7.4392e-12
4.8005e-12
1.1196e-12
1.1638e-12
1.0092e-12
8.7644e-13
7.5418e-13
7.256e-13
5.5822e-13
7.6741e-13
4.8253e-13
6.1569e-13
5.2894e-13
6.7293e-13
7.2983e-13
9.2888e-13
1.0308e-12
8.4927e-13
5.6724e-13
8.8669e-13
6.8502e-13
7.7805e-13
9.1697e-13
7.796e-13
1.0201e-12
7.3825e-13
6.4605e-13
8.1848e-13
9.9419e-13
6.4821e-13
9.06e-13
1.1986e-12
1.8671e-12
1.01e-12
1.1979e-12
1.262e-12
1.0312e-12
9.3112e-13
1.4996e-12
1.2478e-12
1.5931e-12
1.4337e-12
2.5049e-12
2.3271e-12
2.1887e-12
3.832e-12
4.3326e-12
6.0637e-12
5.0341e-12
4.7724e-12
3.6135e-12
3.4306e-12
1.8273e-12
2.6409e-12
3.3502e-12
3.2323e-12
3.4279e-12
2.5917e-12
4.8339e-12
2.3911e-12
7.1456e-12
6.3725e-12
1.2022e-11
1.1252e-11
8.2636e-12
7.4626e-12
8.9738e-12
3.8236e-12
1.194e-12
1.241e-12
1.0761e-12
9.3441e-13
8.0347e-13
7.7355e-13
5.9365e-13
8.1751e-13
5.1536e-13
6.5023e-13
5.7031e-13
6.891e-13
7.8519e-13
9.1935e-13
1.1318e-12
8.4379e-13
5.8676e-13
8.8814e-13
6.8367e-13
8.2736e-13
9.124e-13
8.5877e-13
1.0333e-12
8.2615e-13
6.4748e-13
9.2123e-13
1.0091e-12
7.3157e-13
8.7522e-13
1.3472e-12
1.622e-12
1.1378e-12
1.2483e-12
1.4209e-12
1.0072e-12
1.0282e-12
1.4132e-12
1.3779e-12
1.5142e-12
1.6294e-12
2.3563e-12
2.6763e-12
2.0772e-12
4.3817e-12
4.3155e-12
6.5882e-12
5.2831e-12
4.8112e-12
4.1557e-12
3.0952e-12
2.3119e-12
2.1638e-12
4.3146e-12
2.6164e-12
3.9588e-12
2.4338e-12
4.6224e-12
2.9807e-12
5.3571e-12
9.2417e-12
8.7872e-12
1.1418e-11
1.1719e-11
4.3447e-12
9.3124e-12
7.086e-12
4.0343e-12
1.2595e-12
1.3089e-12
1.1347e-12
9.8495e-13
8.4693e-13
8.1392e-13
6.2552e-13
8.5789e-13
5.3936e-13
6.8461e-13
5.8978e-13
7.4337e-13
8.1177e-13
1.0197e-12
1.1445e-12
9.2835e-13
6.2802e-13
9.6942e-13
7.5689e-13
8.5069e-13
1.011e-12
8.5219e-13
1.1205e-12
8.0618e-13
7.0501e-13
8.9098e-13
1.0769e-12
7.0261e-13
9.7138e-13
1.2898e-12
1.9961e-12
1.0844e-12
1.272e-12
1.3553e-12
1.0884e-12
9.9841e-13
1.5868e-12
1.338e-12
1.6986e-12
1.5319e-12
2.7141e-12
2.4712e-12
2.4142e-12
4.0353e-12
4.8298e-12
6.313e-12
5.732e-12
4.8776e-12
4.1339e-12
3.4644e-12
2.0458e-12
2.7008e-12
3.5601e-12
3.4538e-12
3.3536e-12
2.9815e-12
4.5063e-12
2.9516e-12
6.8027e-12
6.9919e-12
1.3072e-11
8.4778e-12
1.1912e-11
5.9934e-12
5.2817e-12
7.2918e-12
7.6853e-12
3.8518e-12
1.3438e-12
1.3965e-12
1.2105e-12
1.0506e-12
9.0278e-13
8.6808e-13
6.658e-13
9.1432e-13
5.7623e-13
7.2403e-13
6.3517e-13
7.6479e-13
8.7166e-13
1.0183e-12
1.2518e-12
9.3262e-13
6.4926e-13
9.771e-13
7.571e-13
9.0876e-13
1.0108e-12
9.4088e-13
1.1444e-12
9.0183e-13
7.1558e-13
1.0013e-12
1.1092e-12
7.9064e-13
9.5686e-13
1.4425e-12
1.7595e-12
1.2167e-12
1.3327e-12
1.5176e-12
1.068e-12
1.1e-12
1.4947e-12
1.4745e-12
1.6088e-12
1.7454e-12
2.518e-12
2.8834e-12
2.2181e-12
4.7888e-12
4.5738e-12
7.3758e-12
5.5136e-12
5.3968e-12
4.2385e-12
3.5111e-12
2.3217e-12
2.4389e-12
4.404e-12
2.8158e-12
4.2103e-12
2.4016e-12
5.2944e-12
2.7298e-12
6.6672e-12
8.5853e-12
9.9563e-12
1.232e-11
8.8461e-12
6.1942e-12
7.459e-12
4.1944e-12
8.0346e-12
7.2211e-12
4.3817e-12
1.4123e-12
1.4675e-12
1.2718e-12
1.1034e-12
9.4816e-13
9.1027e-13
6.9892e-13
9.5645e-13
6.0127e-13
7.5949e-13
6.5594e-13
8.1959e-13
9.0053e-13
1.1174e-12
1.2674e-12
1.013e-12
6.932e-13
1.0581e-12
8.3364e-13
9.2875e-13
1.1115e-12
9.3021e-13
1.2287e-12
8.7973e-13
7.689e-13
9.7025e-13
1.1672e-12
7.6248e-13
1.0422e-12
1.3927e-12
2.1307e-12
1.1672e-12
1.3505e-12
1.4574e-12
1.1432e-12
1.0724e-12
1.6637e-12
1.4406e-12
1.788e-12
1.6469e-12
2.8908e-12
2.649e-12
2.608e-12
4.3017e-12
5.2666e-12
6.6613e-12
6.3871e-12
5.0576e-12
4.6737e-12
3.5039e-12
2.3196e-12
2.6992e-12
3.993e-12
3.5041e-12
3.564e-12
3.167e-12
4.4469e-12
3.3614e-12
6.3114e-12
8.6288e-12
1.2276e-11
9.3261e-12
1.2853e-11
4.5072e-12
7.5689e-12
5.8355e-12
4.5688e-12
7.468e-12
8.3038e-12
3.2718e-12
1.506e-12
1.5648e-12
1.356e-12
1.1763e-12
1.0102e-12
9.7028e-13
7.4378e-13
1.0188e-12
6.4193e-13
8.0349e-13
7.05e-13
8.4601e-13
9.6455e-13
1.124e-12
1.3803e-12
1.027e-12
7.1608e-13
1.0713e-12
8.3553e-13
9.9435e-13
1.1161e-12
1.0267e-12
1.2639e-12
9.8064e-13
7.8956e-13
1.0846e-12
1.2194e-12
8.5175e-13
1.0492e-12
1.5384e-12
1.9226e-12
1.2959e-12
1.4305e-12
1.6128e-12
1.137e-12
1.1699e-12
1.5845e-12
1.5688e-12
1.7101e-12
1.853e-12
2.6926e-12
3.0675e-12
2.3766e-12
5.1449e-12
4.8877e-12
8.0849e-12
5.8387e-12
5.9215e-12
4.3898e-12
3.9124e-12
2.3349e-12
2.751e-12
4.3978e-12
3.1674e-12
4.2578e-12
2.5986e-12
5.5857e-12
2.7079e-12
7.5808e-12
7.7622e-12
1.2207e-11
1.1326e-11
9.9227e-12
6.5688e-12
5.589e-12
5.9551e-12
6.3572e-12
4.281e-12
8.7451e-12
6.2104e-12
3.9501e-12
1.5867e-12
1.6485e-12
1.4283e-12
1.2386e-12
1.0637e-12
1.0202e-12
7.8272e-13
1.0689e-12
6.7192e-13
8.4493e-13
7.3135e-13
9.0649e-13
1.0015e-12
1.2287e-12
1.4071e-12
1.1093e-12
7.6685e-13
1.1589e-12
9.2006e-13
1.0175e-12
1.2248e-12
1.019e-12
1.3518e-12
9.6376e-13
8.4217e-13
1.0616e-12
1.2721e-12
8.3183e-13
1.1251e-12
1.5148e-12
2.2845e-12
1.2644e-12
1.443e-12
1.5755e-12
1.2044e-12
1.1581e-12
1.7427e-12
1.5614e-12
1.8745e-12
1.7847e-12
3.0539e-12
2.8695e-12
2.7845e-12
4.6483e-12
5.6644e-12
7.1381e-12
6.9956e-12
5.3747e-12
5.1982e-12
3.6297e-12
2.6045e-12
2.7193e-12
4.5207e-12
3.491e-12
3.9813e-12
3.2111e-12
4.7739e-12
3.5534e-12
6.296e-12
9.8214e-12
1.1372e-11
1.1445e-11
1.2044e-11
5.0331e-12
8.1038e-12
4.3425e-12
6.5441e-12
5.953e-12
5.0107e-12
6.4535e-12
7.3659e-12
3.7808e-12
1.6936e-12
1.7595e-12
1.5244e-12
1.3218e-12
1.1345e-12
1.0886e-12
8.3401e-13
1.1398e-12
7.1797e-13
8.9552e-13
7.8582e-13
9.3997e-13
1.072e-12
1.2459e-12
1.5289e-12
1.1356e-12
7.932e-13
1.1798e-12
9.2592e-13
1.0924e-12
1.2372e-12
1.1247e-12
1.402e-12
1.0707e-12
8.7553e-13
1.18e-12
1.3493e-12
9.2205e-13
1.1599e-12
1.6485e-12
2.1255e-12
1.3868e-12
1.5533e-12
1.7211e-12
1.2238e-12
1.2486e-12
1.6961e-12
1.6753e-12
1.8315e-12
1.9702e-12
2.8988e-12
3.2577e-12
2.5673e-12
5.4947e-12
5.2859e-12
8.7622e-12
6.3037e-12
6.4084e-12
4.6791e-12
4.2928e-12
2.4165e-12
3.0632e-12
4.4447e-12
3.5771e-12
4.2504e-12
2.9416e-12
5.6381e-12
2.9764e-12
7.9926e-12
7.7314e-12
1.3763e-11
1.0259e-11
1.2249e-11
6.0199e-12
6.3204e-12
6.286e-12
4.8025e-12
6.0995e-12
6.8867e-12
3.7127e-12
7.9274e-12
7.2387e-12
4.8501e-12
1.7889e-12
1.8583e-12
1.6097e-12
1.3954e-12
1.1977e-12
1.1477e-12
8.7987e-13
1.1993e-12
7.5385e-13
9.4403e-13
8.1873e-13
1.0073e-12
1.1184e-12
1.3577e-12
1.5686e-12
1.2208e-12
8.5159e-13
1.2757e-12
1.0192e-12
1.1202e-12
1.3549e-12
1.1216e-12
1.494e-12
1.0612e-12
9.2748e-13
1.1679e-12
1.3956e-12
9.1297e-13
1.2241e-12
1.66e-12
2.4656e-12
1.3792e-12
1.5554e-12
1.7131e-12
1.2772e-12
1.2579e-12
1.8321e-12
1.7026e-12
1.967e-12
1.9468e-12
3.2166e-12
3.1335e-12
2.9541e-12
5.0729e-12
6.0422e-12
7.737e-12
7.5668e-12
5.8395e-12
5.6968e-12
3.8813e-12
2.8804e-12
2.8202e-12
5.0546e-12
3.5153e-12
4.4816e-12
3.2051e-12
5.3488e-12
3.5992e-12
6.8583e-12
1.0383e-11
1.1454e-11
1.2966e-11
1.1283e-11
6.1773e-12
7.565e-12
4.8849e-12
6.9534e-12
4.4372e-12
7.1958e-12
5.1259e-12
4.5057e-12
7.5584e-12
9.135e-12
3.3528e-12
1.8993e-12
1.973e-12
1.7089e-12
1.4812e-12
1.2708e-12
1.2181e-12
9.3282e-13
1.2722e-12
8.0115e-13
9.9604e-13
8.7409e-13
1.0424e-12
1.1892e-12
1.3783e-12
1.6904e-12
1.2529e-12
8.7688e-13
1.297e-12
1.0238e-12
1.1975e-12
1.3683e-12
1.2293e-12
1.5512e-12
1.1665e-12
9.6889e-13
1.2816e-12
1.491e-12
9.9703e-13
1.2825e-12
1.7651e-12
2.3554e-12
1.4832e-12
1.6925e-12
1.8348e-12
1.3221e-12
1.3306e-12
1.8206e-12
1.7871e-12
1.9628e-12
2.0892e-12
3.1173e-12
3.4423e-12
2.7708e-12
5.8169e-12
5.7234e-12
9.362e-12
6.8519e-12
6.8228e-12
5.0767e-12
4.6185e-12
2.5754e-12
3.3361e-12
4.6022e-12
3.9554e-12
4.2782e-12
3.3046e-12
5.5805e-12
3.3798e-12
8.0142e-12
8.559e-12
1.4374e-11
1.0252e-11
1.3772e-11
5.4947e-12
7.7792e-12
5.7035e-12
5.4426e-12
6.368e-12
5.214e-12
5.2961e-12
6.1473e-12
4.3531e-12
9.8487e-12
6.4431e-12
5.9596e-12
2.0096e-12
2.0872e-12
1.8076e-12
1.5664e-12
1.3438e-12
1.2867e-12
9.8581e-13
1.3413e-12
8.4307e-13
1.0517e-12
9.1371e-13
1.1165e-12
1.245e-12
1.4969e-12
1.7434e-12
1.3409e-12
9.427e-13
1.4012e-12
1.1253e-12
1.2306e-12
1.494e-12
1.2316e-12
1.6467e-12
1.1656e-12
1.0195e-12
1.2823e-12
1.5299e-12
1.0002e-12
1.3324e-12
1.818e-12
2.6606e-12
1.5028e-12
1.6797e-12
1.859e-12
1.3561e-12
1.3633e-12
1.9243e-12
1.8517e-12
2.0577e-12
2.1179e-12
3.3653e-12
3.414e-12
3.1034e-12
5.5279e-12
6.3728e-12
8.3776e-12
8.058e-12
6.391e-12
6.129e-12
4.2312e-12
3.1191e-12
3.0108e-12
5.5177e-12
3.6278e-12
4.9495e-12
3.2156e-12
5.9636e-12
3.5772e-12
7.6946e-12
1.0446e-11
1.2537e-11
1.3582e-11
1.1537e-11
6.9117e-12
7.0745e-12
6.0375e-12
6.3818e-12
5.0176e-12
7.5353e-12
3.8139e-12
6.4461e-12
5.9402e-12
5.6038e-12
6.7478e-12
1.1212e-11
6.2007e-12
2.1128e-12
2.1944e-12
1.9003e-12
1.6465e-12
1.412e-12
1.3523e-12
1.0351e-12
1.409e-12
8.8706e-13
1.0996e-12
9.65e-13
1.1474e-12
1.3096e-12
1.5135e-12
1.8556e-12
1.372e-12
9.6224e-13
1.4155e-12
1.1233e-12
1.303e-12
1.5011e-12
1.3337e-12
1.7026e-12
1.2617e-12
1.0636e-12
1.3825e-12
1.6356e-12
1.0713e-12
1.4083e-12
1.8794e-12
2.5959e-12
1.5777e-12
1.8373e-12
1.9451e-12
1.4239e-12
1.4096e-12
1.9477e-12
1.8957e-12
2.0924e-12
2.2017e-12
3.3276e-12
3.609e-12
2.9663e-12
6.0904e-12
6.1498e-12
9.8442e-12
7.4124e-12
7.1385e-12
5.5262e-12
4.8683e-12
2.7923e-12
3.5471e-12
4.8795e-12
4.254e-12
4.4001e-12
3.6065e-12
5.5467e-12
3.7655e-12
7.8478e-12
9.7344e-12
1.4294e-11
1.1335e-11
1.4218e-11
5.5757e-12
8.6464e-12
5.1736e-12
6.5965e-12
5.687e-12
5.9025e-12
5.4465e-12
4.585e-12
6.1682e-12
7.5021e-12
3.8869e-12
1.2022e-11
1.2376e-11
9.1248e-12
2.2474e-12
2.3341e-12
2.021e-12
1.7507e-12
1.5013e-12
1.4363e-12
1.0998e-12
1.494e-12
9.39e-13
1.1673e-12
1.0156e-12
1.2333e-12
1.3806e-12
1.6452e-12
1.93e-12
1.4684e-12
1.0394e-12
1.5343e-12
1.2373e-12
1.3474e-12
1.6406e-12
1.3479e-12
1.8085e-12
1.2759e-12
1.1172e-12
1.4032e-12
1.6734e-12
1.0925e-12
1.4488e-12
1.9859e-12
2.8681e-12
1.6331e-12
1.8153e-12
2.0106e-12
1.4417e-12
1.4723e-12
2.0217e-12
2.0051e-12
2.15e-12
2.293e-12
3.505e-12
3.7007e-12
3.2363e-12
5.9924e-12
6.6654e-12
9.0219e-12
8.4746e-12
6.9877e-12
6.494e-12
4.6502e-12
3.3178e-12
3.2834e-12
5.892e-12
3.8615e-12
5.3429e-12
3.3078e-12
6.5065e-12
3.5872e-12
8.5341e-12
1.0318e-11
1.4057e-11
1.3584e-11
1.2727e-11
7.1434e-12
7.2828e-12
6.7672e-12
5.8862e-12
6.1839e-12
6.7841e-12
4.3367e-12
6.6656e-12
4.425e-12
7.9837e-12
5.2398e-12
6.8806e-12
1.2807e-11
1.7222e-11
4.7382e-12
2.3869e-12
2.4789e-12
2.1462e-12
1.859e-12
1.5935e-12
1.5249e-12
1.1668e-12
1.5855e-12
9.9791e-13
1.2336e-12
1.0827e-12
1.2838e-12
1.4657e-12
1.6892e-12
2.0706e-12
1.5269e-12
1.0731e-12
1.5707e-12
1.2522e-12
1.441e-12
1.6729e-12
1.4706e-12
1.8979e-12
1.3873e-12
1.1857e-12
1.5165e-12
1.8222e-12
1.1713e-12
1.5713e-12
2.0386e-12
2.9081e-12
1.7097e-12
2.0319e-12
2.1009e-12
1.5635e-12
1.5209e-12
2.1247e-12
2.0484e-12
2.2707e-12
2.3636e-12
3.6085e-12
3.8512e-12
3.2221e-12
6.4748e-12
6.7007e-12
1.0465e-11
8.136e-12
7.5473e-12
6.128e-12
5.1728e-12
3.1149e-12
3.7902e-12
5.3792e-12
4.5766e-12
4.7525e-12
3.9172e-12
5.7854e-12
4.159e-12
7.9197e-12
1.1076e-11
1.43e-11
1.312e-11
1.4282e-11
6.3322e-12
9.0275e-12
5.3987e-12
7.3822e-12
5.2469e-12
7.2282e-12
4.8971e-12
5.3371e-12
6.3948e-12
5.6859e-12
5.5953e-12
9.2609e-12
7.7504e-12
1.8491e-11
9.1897e-12
8.1894e-12
2.5463e-12
2.6442e-12
2.289e-12
1.9823e-12
1.6992e-12
1.6246e-12
1.2434e-12
1.6864e-12
1.0599e-12
1.3134e-12
1.1442e-12
1.3816e-12
1.5516e-12
1.8343e-12
2.1655e-12
1.6315e-12
1.1615e-12
1.7042e-12
1.3787e-12
1.4963e-12
1.826e-12
1.4959e-12
2.0134e-12
1.416e-12
1.2416e-12
1.5568e-12
1.8576e-12
1.21e-12
1.601e-12
2.2006e-12
3.1425e-12
1.8003e-12
1.9967e-12
2.205e-12
1.5625e-12
1.6117e-12
2.1653e-12
2.1986e-12
2.2882e-12
2.5124e-12
3.7082e-12
4.0574e-12
3.4193e-12
6.5662e-12
7.0583e-12
9.815e-12
8.9894e-12
7.7286e-12
6.9229e-12
5.1945e-12
3.5435e-12
3.6762e-12
6.2938e-12
4.2795e-12
5.7553e-12
3.5721e-12
7.0622e-12
3.7641e-12
9.3939e-12
1.0483e-11
1.5783e-11
1.3643e-11
1.4464e-11
7.1926e-12
8.2107e-12
7.102e-12
6.1553e-12
7.0053e-12
6.2613e-12
5.4078e-12
6.0292e-12
5.1405e-12
8.3023e-12
3.9921e-12
9.9649e-12
9.9974e-12
1.0854e-11
9.7746e-12
1.6846e-11
4.371e-12
2.6995e-12
2.8032e-12
2.4265e-12
2.1012e-12
1.8005e-12
1.7218e-12
1.3169e-12
1.7866e-12
1.1242e-12
1.3863e-12
1.2166e-12
1.4389e-12
1.6433e-12
1.8886e-12
2.3149e-12
1.7023e-12
1.1989e-12
1.7464e-12
1.3979e-12
1.5968e-12
1.8664e-12
1.6247e-12
2.1174e-12
1.5287e-12
1.3227e-12
1.6675e-12
2.0317e-12
1.2845e-12
1.7544e-12
2.2209e-12
3.2604e-12
1.8608e-12
2.2535e-12
2.2792e-12
1.7233e-12
1.648e-12
2.3276e-12
2.2228e-12
2.4721e-12
2.5495e-12
3.918e-12
4.1286e-12
3.4995e-12
6.9035e-12
7.291e-12
1.112e-11
8.9099e-12
7.9782e-12
6.7862e-12
5.4859e-12
3.4864e-12
4.0332e-12
6.0012e-12
4.8836e-12
5.2595e-12
4.1973e-12
6.264e-12
4.4983e-12
8.2828e-12
1.2263e-11
1.4566e-11
1.492e-11
1.4233e-11
7.3068e-12
9.0415e-12
6.1946e-12
7.6609e-12
5.5473e-12
8.0392e-12
4.5145e-12
6.5739e-12
5.7097e-12
6.6813e-12
5.7582e-12
7.0275e-12
1.1115e-11
1.4313e-11
5.8276e-12
1.8031e-11
8.4575e-12
4.9852e-12
2.8632e-12
2.973e-12
2.5733e-12
2.2278e-12
1.909e-12
1.824e-12
1.3953e-12
1.8899e-12
1.1877e-12
1.4674e-12
1.2798e-12
1.5373e-12
1.7316e-12
2.0321e-12
2.4129e-12
1.8017e-12
1.289e-12
1.8811e-12
1.5256e-12
1.651e-12
2.0179e-12
1.6492e-12
2.2261e-12
1.5609e-12
1.3707e-12
1.7154e-12
2.0496e-12
1.331e-12
1.7603e-12
2.4221e-12
3.4273e-12
1.9715e-12
2.1882e-12
2.4019e-12
1.691e-12
1.7521e-12
2.3178e-12
2.3914e-12
2.4335e-12
2.7291e-12
3.9126e-12
4.4068e-12
3.5954e-12
7.1218e-12
7.4347e-12
1.0564e-11
9.4523e-12
8.4501e-12
7.3003e-12
5.7436e-12
3.7386e-12
4.0961e-12
6.6234e-12
4.7711e-12
6.0923e-12
3.9319e-12
7.5042e-12
4.059e-12
1.0063e-11
1.0935e-11
1.7186e-11
1.3872e-11
1.6015e-11
7.1643e-12
9.2739e-12
7.0845e-12
6.9455e-12
7.27e-12
6.5065e-12
6.0522e-12
5.5193e-12
6.3388e-12
7.3895e-12
4.6365e-12
1.0207e-11
7.7918e-12
1.5638e-11
7.5309e-12
1.0619e-11
9.0535e-12
1.0097e-11
5.2746e-12
3.0473e-12
3.1641e-12
2.7385e-12
2.3706e-12
2.0308e-12
1.9406e-12
1.4837e-12
2.01e-12
1.2645e-12
1.5557e-12
1.3653e-12
1.6108e-12
1.8402e-12
2.109e-12
2.585e-12
1.8956e-12
1.3377e-12
1.9402e-12
1.5583e-12
1.7676e-12
2.0787e-12
1.7932e-12
2.3576e-12
1.6832e-12
1.4721e-12
1.8328e-12
2.2598e-12
1.4087e-12
1.9538e-12
2.4229e-12
3.6446e-12
2.028e-12
2.4969e-12
2.4766e-12
1.8994e-12
1.788e-12
2.5513e-12
2.4144e-12
2.6913e-12
2.7552e-12
4.2473e-12
4.4364e-12
3.7897e-12
7.3711e-12
7.899e-12
1.1805e-11
9.6989e-12
8.4331e-12
7.4622e-12
5.8112e-12
3.8784e-12
4.2811e-12
6.6874e-12
5.1825e-12
5.866e-12
4.4536e-12
6.9381e-12
4.7824e-12
8.9688e-12
1.3208e-11
1.5269e-11
1.6434e-11
1.4458e-11
8.2063e-12
8.9737e-12
7.1441e-12
7.6306e-12
6.4085e-12
8.2776e-12
4.8103e-12
7.2902e-12
5.2506e-12
8.1995e-12
5.0883e-12
8.2929e-12
1.133e-11
1.098e-11
8.3524e-12
1.3802e-11
5.4215e-12
1.092e-11
1.0423e-11
7.185e-12
3.2325e-12
3.3562e-12
2.9044e-12
2.5139e-12
2.1533e-12
2.0563e-12
1.5724e-12
2.127e-12
1.3366e-12
1.647e-12
1.4378e-12
1.719e-12
1.9411e-12
2.2629e-12
2.7005e-12
2.0004e-12
1.4369e-12
2.087e-12
1.6956e-12
1.8309e-12
2.2399e-12
1.8271e-12
2.4724e-12
1.7286e-12
1.5205e-12
1.8987e-12
2.2729e-12
1.4709e-12
1.9469e-12
2.6778e-12
3.7629e-12
2.1693e-12
2.4149e-12
2.629e-12
1.8477e-12
1.9134e-12
2.5088e-12
2.6102e-12
2.6182e-12
2.9734e-12
4.1712e-12
4.7972e-12
3.8134e-12
7.7369e-12
7.897e-12
1.1385e-11
9.9937e-12
9.2313e-12
7.7259e-12
6.3411e-12
3.956e-12
4.5648e-12
6.9804e-12
5.3514e-12
6.4446e-12
4.4001e-12
7.9426e-12
4.4975e-12
1.0672e-11
1.1857e-11
1.8403e-11
1.4659e-11
1.7352e-11
7.3565e-12
1.0274e-11
7.0428e-12
7.9224e-12
7.2535e-12
7.436e-12
6.276e-12
5.8122e-12
7.0851e-12
6.7744e-12
5.7015e-12
9.0158e-12
9.012e-12
1.5894e-11
5.8523e-12
1.5197e-11
6.9405e-12
6.4459e-12
1.1142e-11
1.4621e-11
5.3652e-12
3.4515e-12
3.5834e-12
3.1009e-12
2.6837e-12
2.2983e-12
2.1949e-12
1.6776e-12
2.2696e-12
1.4275e-12
1.7526e-12
1.538e-12
1.8103e-12
2.0688e-12
2.3646e-12
2.8986e-12
2.1193e-12
1.4985e-12
2.1648e-12
1.7436e-12
1.9651e-12
2.3231e-12
1.9878e-12
2.6335e-12
1.8616e-12
1.6432e-12
2.0238e-12
2.5205e-12
1.5528e-12
2.1811e-12
2.6608e-12
4.0819e-12
2.2244e-12
2.7765e-12
2.709e-12
2.1031e-12
1.9524e-12
2.8113e-12
2.6383e-12
2.9448e-12
2.9983e-12
4.6223e-12
4.8041e-12
4.1154e-12
7.9296e-12
8.5694e-12
1.261e-11
1.0551e-11
8.9817e-12
8.1835e-12
6.1979e-12
4.298e-12
4.5721e-12
7.4394e-12
5.5235e-12
6.5606e-12
4.733e-12
7.784e-12
5.0625e-12
9.9772e-12
1.4007e-11
1.652e-11
1.7687e-11
1.5285e-11
8.9678e-12
9.1536e-12
8.0252e-12
7.6127e-12
7.425e-12
8.2491e-12
5.6251e-12
7.5057e-12
5.6657e-12
9.0811e-12
4.6956e-12
1.022e-11
9.9803e-12
1.2882e-11
8.4536e-12
1.0682e-11
7.7557e-12
8.3275e-12
6.7424e-12
1.5759e-11
1.0773e-11
6.2892e-12
3.672e-12
3.8122e-12
3.2986e-12
2.8543e-12
2.4442e-12
2.3328e-12
1.7831e-12
2.4093e-12
1.5138e-12
1.8609e-12
1.6258e-12
1.9355e-12
2.1904e-12
2.5383e-12
3.0425e-12
2.2377e-12
1.6126e-12
2.3326e-12
1.8974e-12
2.0448e-12
2.5031e-12
2.0384e-12
2.7644e-12
1.9273e-12
1.6982e-12
2.1157e-12
2.5382e-12
1.6363e-12
2.17e-12
2.9796e-12
4.1661e-12
2.4033e-12
2.6876e-12
2.8978e-12
2.0411e-12
2.1041e-12
2.7505e-12
2.866e-12
2.8552e-12
3.2574e-12
4.5063e-12
5.2477e-12
4.0944e-12
8.4415e-12
8.4883e-12
1.2325e-11
1.0669e-11
1.0101e-11
8.2425e-12
6.9996e-12
4.2196e-12
5.0844e-12
7.4131e-12
6.0117e-12
6.8581e-12
4.9609e-12
8.4398e-12
5.0589e-12
1.1304e-11
1.3226e-11
1.955e-11
1.6078e-11
1.8529e-11
7.8949e-12
1.1136e-11
7.2163e-12
8.8523e-12
7.234e-12
8.5917e-12
6.2778e-12
6.7313e-12
7.364e-12
7.2344e-12
6.3677e-12
8.2673e-12
1.089e-11
1.3891e-11
6.9244e-12
1.5483e-11
5.4393e-12
9.2568e-12
8.5225e-12
9.4832e-12
1.158e-11
1.2858e-11
7.6072e-12
3.9076e-12
4.0567e-12
3.51e-12
3.037e-12
2.6001e-12
2.4817e-12
1.8962e-12
2.5623e-12
1.6112e-12
1.9743e-12
1.7325e-12
2.035e-12
2.326e-12
2.6517e-12
3.2509e-12
2.3701e-12
1.6788e-12
2.4167e-12
1.9508e-12
2.1857e-12
2.5956e-12
2.2048e-12
2.9399e-12
2.0604e-12
1.8326e-12
2.2369e-12
2.8082e-12
1.7138e-12
2.4315e-12
2.9299e-12
4.5624e-12
2.4457e-12
3.0857e-12
2.971e-12
2.3291e-12
2.1371e-12
3.1009e-12
2.8881e-12
3.226e-12
3.272e-12
5.0325e-12
5.2215e-12
4.4671e-12
8.5646e-12
9.2821e-12
1.352e-11
1.1436e-11
9.6162e-12
8.9198e-12
6.6413e-12
4.7236e-12
4.9046e-12
8.2121e-12
5.9083e-12
7.2901e-12
5.0431e-12
8.7173e-12
5.353e-12
1.1185e-11
1.4687e-11
1.8156e-11
1.867e-11
1.6694e-11
9.5646e-12
9.7087e-12
8.7226e-12
7.8177e-12
8.3127e-12
8.2417e-12
6.5318e-12
7.4445e-12
6.6668e-12
9.3051e-12
5.1153e-12
1.1303e-11
9.2059e-12
1.5685e-11
7.3878e-12
1.2566e-11
7.7765e-12
6.4434e-12
9.6244e-12
1.1929e-11
7.0396e-12
1.3769e-11
1.5258e-11
7.3277e-12
4.1522e-12
4.3103e-12
3.729e-12
3.2261e-12
2.7618e-12
2.6346e-12
2.0131e-12
2.7171e-12
1.7071e-12
2.0938e-12
1.8305e-12
2.1709e-12
2.4613e-12
2.837e-12
3.4136e-12
2.4947e-12
1.8024e-12
2.5978e-12
2.1146e-12
2.2755e-12
2.7857e-12
2.2655e-12
3.0779e-12
2.1403e-12
1.8888e-12
2.3476e-12
2.8231e-12
1.8128e-12
2.4102e-12
3.3006e-12
4.5995e-12
2.6517e-12
2.9818e-12
3.1823e-12
2.2527e-12
2.3051e-12
3.0188e-12
3.1326e-12
3.1199e-12
3.5511e-12
4.88e-12
5.7096e-12
4.4049e-12
9.1579e-12
9.1392e-12
1.3279e-11
1.1393e-11
1.0961e-11
8.785e-12
7.645e-12
4.4972e-12
5.5953e-12
7.8715e-12
6.6725e-12
7.2876e-12
5.5396e-12
8.9467e-12
5.657e-12
1.1907e-11
1.4798e-11
2.0539e-11
1.7855e-11
1.9452e-11
8.688e-12
1.176e-11
7.6589e-12
9.5524e-12
7.3721e-12
9.5869e-12
6.2255e-12
7.7472e-12
7.3243e-12
8.4012e-12
6.5601e-12
8.8707e-12
1.1967e-11
1.2582e-11
8.3958e-12
1.3558e-11
6.4898e-12
9.3231e-12
6.7031e-12
1.352e-11
8.7392e-12
8.4072e-12
1.6449e-11
1.4806e-11
7.6607e-12
4.4203e-12
4.5885e-12
3.9696e-12
3.434e-12
2.9392e-12
2.8039e-12
2.1418e-12
2.8908e-12
1.8175e-12
2.2231e-12
1.9508e-12
2.2867e-12
2.6143e-12
2.9729e-12
3.6452e-12
2.65e-12
1.8802e-12
2.698e-12
2.1816e-12
2.4313e-12
2.898e-12
2.4457e-12
3.2791e-12
2.2811e-12
2.0414e-12
2.4733e-12
3.1245e-12
1.893e-12
2.7056e-12
3.2324e-12
5.0867e-12
2.6935e-12
3.4249e-12
3.2644e-12
2.5781e-12
2.3431e-12
3.4209e-12
3.1646e-12
3.5361e-12
3.5773e-12
5.4807e-12
5.6908e-12
4.8474e-12
9.2825e-12
1.0042e-11
1.4554e-11
1.2358e-11
1.0351e-11
9.6675e-12
7.1513e-12
5.1488e-12
5.286e-12
8.9882e-12
6.3498e-12
8.0296e-12
5.401e-12
9.6863e-12
5.682e-12
1.2498e-11
1.5338e-11
2.0019e-11
1.9486e-11
1.8545e-11
1.0051e-11
1.0642e-11
9.2462e-12
8.3557e-12
8.9847e-12
8.5056e-12
7.2953e-12
7.4028e-12
7.7396e-12
9.2004e-12
6.0497e-12
1.1558e-11
1.0081e-11
1.7243e-11
6.8589e-12
1.519e-11
6.7581e-12
7.6949e-12
9.5945e-12
9.3555e-12
1e-11
1.0333e-11
1.0076e-11
1.6029e-11
1.5348e-11
1.0598e-11
4.7012e-12
4.8799e-12
4.2213e-12
3.6512e-12
3.125e-12
2.9796e-12
2.276e-12
3.0688e-12
1.9279e-12
2.3599e-12
2.0643e-12
2.4396e-12
2.7704e-12
3.1778e-12
3.8365e-12
2.7881e-12
2.0184e-12
2.8998e-12
2.3611e-12
2.5376e-12
3.1059e-12
2.5233e-12
3.4331e-12
2.3813e-12
2.1045e-12
2.6094e-12
3.1455e-12
2.0119e-12
2.6826e-12
3.6615e-12
5.0918e-12
2.9312e-12
3.3157e-12
3.5029e-12
2.4966e-12
2.531e-12
3.3329e-12
3.4296e-12
3.4327e-12
3.8768e-12
5.3262e-12
6.2189e-12
4.7762e-12
9.9452e-12
9.9132e-12
1.4339e-11
1.225e-11
1.1879e-11
9.4182e-12
8.3185e-12
4.8228e-12
6.1232e-12
8.4213e-12
7.3564e-12
7.7943e-12
6.1474e-12
9.5455e-12
6.2939e-12
1.2607e-11
1.6542e-11
2.1617e-11
1.9932e-11
2.0375e-11
9.6994e-12
1.2288e-11
8.423e-12
1.009e-11
7.846e-12
1.0369e-11
6.3659e-12
8.6278e-12
7.2908e-12
9.7011e-12
6.5324e-12
1.0431e-11
1.2363e-11
1.3724e-11
9.2268e-12
1.2518e-11
7.875e-12
8.1302e-12
8.0741e-12
1.3535e-11
6.9464e-12
1.1951e-11
1.2331e-11
9.8482e-12
1.6721e-11
2.1131e-11
1.1905e-11
