					SC SHAPE MODEL
------------------------------------------------------------------------------------------------
N	|X	|Y	|Z	|R  |D
------------------------------------------------------------------------------------------------
------------------------------------------------------------------------------------------------
1	0	-0.6	0.6     0.6     42
------------------------------------------------------------------------------------------------
2	0	0.6     0.6	    0.6     42
------------------------------------------------------------------------------------------------
3	0	0.6     -0.6    0.6     42
------------------------------------------------------------------------------------------------
4	0	-0.6     -0.6   0.6     42
------------------------------------------------------------------------------------------------
5	1.2	-0.6	0.6     0.6     42
------------------------------------------------------------------------------------------------
6	1.2	0.6     0.6	    0.6     42
------------------------------------------------------------------------------------------------
7	1.2	0.6     -0.6    0.6     42
------------------------------------------------------------------------------------------------
8	1.2	-0.6     -0.6   0.6     42
------------------------------------------------------------------------------------------------
9	-1.2	-0.6	0.6     0.6     42
------------------------------------------------------------------------------------------------
10	-1.2	0.6     0.6	    0.6     42
------------------------------------------------------------------------------------------------
11	-1.2	0.6     -0.6    0.6     42
------------------------------------------------------------------------------------------------
12	-1.2	-0.6     -0.6   0.6     42
------------------------------------------------------------------------------------------------
13	0       0     0   0.3     336
------------------------------------------------------------------------------------------------
14	0.6     0     0   0.3     336
------------------------------------------------------------------------------------------------
15	1.2     0     0   0.3     336
------------------------------------------------------------------------------------------------
16	-0.6     0     0   0.3     336
------------------------------------------------------------------------------------------------
17	-1.2     0     0   0.3     336
------------------------------------------------------------------------------------------------
18	-0.6     0     0.6   0.3   336
------------------------------------------------------------------------------------------------
19	-0.6     0     -0.6   0.3   336
------------------------------------------------------------------------------------------------
20	0.6     0     -0.6   0.3   336
------------------------------------------------------------------------------------------------
21	0.6     0     0.6   0.3   336
------------------------------------------------------------------------------------------------
------------------------------------------------------------------------------------------------
