					SC SHAPE MODEL
------------------------------------------------------------------------------------------------
N	|X	|Y	|Z	|R  |D
------------------------------------------------------------------------------------------------
------------------------------------------------------------------------------------------------
1	0	-0.6	0.6     0.6     80
------------------------------------------------------------------------------------------------
2	0	0.6     0.6	    0.6     80
------------------------------------------------------------------------------------------------
3	0	0.6     -0.6    0.6     80
------------------------------------------------------------------------------------------------
4	0	-0.6     -0.6   0.6     80
------------------------------------------------------------------------------------------------
5	1.2	-0.6	0.6     0.6     80
------------------------------------------------------------------------------------------------
6	1.2	0.6     0.6	    0.6     80
------------------------------------------------------------------------------------------------
7	1.2	0.6     -0.6    0.6     80
------------------------------------------------------------------------------------------------
8	1.2	-0.6     -0.6   0.6     80
------------------------------------------------------------------------------------------------
9	-1.2	-0.6	0.6     0.6     80
------------------------------------------------------------------------------------------------
10	-1.2	0.6     0.6	    0.6     80
------------------------------------------------------------------------------------------------
11	-1.2	0.6     -0.6    0.6     80
------------------------------------------------------------------------------------------------
12	-1.2	-0.6     -0.6   0.6     80
------------------------------------------------------------------------------------------------
------------------------------------------------------------------------------------------------
