VALUES
16
244.9400088
1
1
-0.02630472256
0.0006675987177
0.004960554433
0.002188039517
0.001663103372
-0.001198750051
0.001971581963
0.01258781649
-0.001766944125
-0.001624266575
-0.0001895174108
0.001319889032
-0.0002803222728
-0.0008064564211
1.030080662e-05
-2.588892478e-05
0.000687708962
0.0001141401875
-0.003964380811
0.001030914419
0.0007412163341
0.0002181860066
-0.0002130196572
0.0002105078104
0.001015748697
0.0003073803294
0.0008190924411
-0.0003273444244
0.0004587240947
-0.0003930606538
-0.0005635538203
0.0001761599162
0.001131978683
0.002707826366
-0.0006089151478
-0.000651210493
-3.154056262e-05
0.0002453995837
3.254919845e-05
-0.0007507925391
6.215427933e-05
-0.0009281854646
-0.0002032047709
-0.0003029107254
6.779521425e-05
7.333802781e-06
0.0003048593036
3.976987367e-05
8.156687002e-05
-0.0001588255585
0.0004054077249
0.0001490732163
-0.00139220168
0.0005831070179
0.0004516116399
-4.405111921e-05
-0.00014378229
-4.552328241e-05
0.0004091802792
8.524824672e-05
0.0004513753282
-5.243912371e-05
-0.0002449521027
0.0001576178569
0.0001967455016
-0.0001755695077
0.0001589916626
-0.0002973591965
-6.942297654e-06
-7.299321017e-05
-8.757371927e-05
-0.0002741396037
-0.0002646670549
9.05630371e-05
0.0001474705435
0.001076061832
-0.0003660317821
-0.0004257722673
0.0001342983115
0.0001093648353
-2.022966305e-05
-0.0002326797123
-1.541538425e-05
-0.0003804259467
2.749191518e-05
0.0001258117234
-4.516200024e-06
3.725027826e-05
-0.0001215034191
-4.796342258e-05
0.0001122717282
-9.353842216e-05
0.0001864284277
-4.206505733e-05
9.145235266e-05
7.567180576e-05
0.0001688068761
0.0001244486712
-2.105474101e-05
-0.0001062252841
0.0001564792754
-0.0003303649521
-0.0006852752262
0.0003200603182
0.0003197259716
-0.0001526772829
-7.485076512e-05
4.374898061e-05
0.0001852066125
-1.258830338e-05
0.0003476820568
5.683985496e-06
-0.0001466796026
-3.912818921e-05
5.855654718e-05
0.0001307631516
-8.919824661e-05
0.0001478577646
5.928123647e-05
-0.0001446751201
0.000112638374
-0.0001444529885
4.76892569e-05
8.113363178e-06
-0.0001135898082
-0.0001378266662
-0.0001049077776
4.344241608e-05
0.0001200251339
-0.0001173683722
0.0002441889726
3.496353165e-05
-0.0001399665537
0.0005839108103
-0.0002208601812
-0.0003045042182
0.0001556670033
6.533712561e-05
-6.386262817e-05
-0.0001627100784
-1.990897628e-05
-0.0002905604478
-5.908409441e-05
0.0001292773995
6.070526674e-05
-9.887036677e-05
-0.0001408857315
0.0001908415291
-2.569293893e-05
-0.0004277674929
-0.0001195873818
-0.001096126196
-0.0005570397196
-0.001235061241
-0.0004337111458
-0.0013192463
-0.0001659439209
-0.0008730624099
0.004392996964
0.0003701508735
-0.0007837984155
-0.0001259077213
0.0002299478312
0.0004839822786
0.0006952280753
-0.0002514548849
-4.60634812e-05
-0.001326149859
-0.000429314843
-2.151014563e-05
-0.0002072755751
-0.0001125390758
0.0001335142188
0.0001092521738
-0.0001372042899
-0.0002975371964
0.0001231916298
-0.0002723635358
-0.0001409007904
0.0001242567561
0.001163615263
0.0001832359514
-5.585534932e-05
-0.0001178226987
-0.0005007890245
0.000202851504
-8.020338662e-05
2.795984305e-06
-6.324601039e-05
-6.205658141e-05
9.188312015e-05
-5.815392047e-05
9.263566841e-05
0.0002979093744
0.0001666564526
-8.009416905e-07
-7.204675708e-05
-0.0007262575777
-0.0001109981672
0.0001098496851
-0.0001348626725
8.742505398e-05
-9.928803408e-05
-1.241321675e-05
-0.0001707988261
-3.612328795e-05
1.481391057e-05
0.0001171348894
1.333231563e-05
1.072130073e-05
0.0001179902531
-9.588431008e-08
-0.0002475264464
-0.0001828151801
0.0001466945201
-7.875929457e-05
-0.0001057320006
6.399491416e-05
0.0007024318362
7.245208332e-05
-0.000156772363
0.0001763063871
-6.689416313e-05
0.0001004225191
-0.0002560842292
0.000154130633
0.0001967368234
0.0001550351644
2.542101024e-05
1.736347776e-05
-0.0001283839195
6.398546295e-06
-2.363890863e-05
-0.0001714228623
4.013244829e-05
0.0002000115596
0.0001016038299
-0.0001030723982
-4.820126383e-05
0.0002787350712
9.893582608e-05
4.737422453e-05
-4.093535098e-05
-0.0005676381195
-9.335731336e-05
0.0001385913315
-0.0001750647555
9.676428954e-06
-6.614197964e-05
0.0001934440794
-4.495039605e-05
-0.0001986578235
9.437376711e-05
-4.059938283e-05
-9.673222154e-05
-7.561537256e-05
6.727028857e-06
0.0001576541697
-1.049938838e-05
-7.069279037e-06
0.0001619667686
3.486166494e-06
-0.0002005151766
-8.407673744e-05
0.0001191741842
6.472936976e-05
-0.0001840934265
2.620055756e-05
0.0004626670465
-1.144172761e-05
-0.0001187789377
4.918283325e-05
0.0004800283445
6.606056511e-05
-0.0001628877348
0.000153093053
-1.174261065e-05
2.60432666e-05
-0.0001370591444
1.454551409e-07
0.0001598681697
-9.574235605e-05
2.364606938e-05
1.296647914e-05
7.000121e-05
