VALUES
16
244.9400088
0
1
-0.0588191477734323
0.000861866238533842
0.0032020241178274
0.00578900842076388
0.00179635695142996
-0.000409451091776285
0.000274923969579614
0.03776344947
-0.00167627037997598
-0.000363197047528076
-1.13258315677569e-05
2.78877457791076e-05
-0.000929723799257249
-0.000690608019572494
1.66702814216897e-06
-8.55224414117677e-07
5.35469215431616e-06
2.81040173961747e-07
-0.014293778289526
0.000811119127265281
9.22097860547218e-05
4.5238445833651e-06
-8.06380165378887e-07
1.6989360386964e-07
2.36648886772793e-07
0.00119047889671795
0.000599514279765812
-3.26042850957483e-05
6.46154367303653e-06
-8.34676076140862e-07
-1.99453903986e-07
1.22272154338102e-08
2.09988107623926e-08
0.0111646541228504
-0.000418436911902998
-5.34866724435331e-05
-3.18875871473391e-07
3.20295191653892e-07
5.89135541452914e-09
-2.09686383086771e-08
3.1692805706718e-10
-1.18321706511884e-09
-0.000885749061198435
-0.000196827236354047
4.69600169574937e-06
5.54266705207775e-08
2.60880558987505e-07
4.06768631707471e-09
1.07703896466463e-09
-3.02703463705361e-10
1.32510276591888e-10
1.14847331777134e-11
-0.00637986958124469
0.000360310211820286
2.68523037878171e-05
-2.56836475908896e-07
-8.46821963764059e-08
-2.82617487753658e-09
2.84011001649478e-09
7.17548843056658e-11
5.1701953188652e-11
-9.74389870144433e-13
-1.01775561858261e-12
0.000755908686758013
0.000116143995344091
-9.09011474653554e-06
7.33346717462791e-07
-1.25206176399349e-07
-2.7620949094402e-10
-2.87552895592568e-10
-3.63653541370866e-11
-1.30580705610408e-11
-1.62753932163341e-12
8.5932597308005e-14
2.9833272873521e-14
0.00538030916
-0.000207224690319424
-1.94240466668199e-05
5.00250193698915e-07
3.39479200145385e-08
-5.3846150650446e-10
-5.51746082649449e-10
-3.42359725253089e-12
-8.44886643622642e-12
6.66183185500046e-14
3.7526478784568e-14
-1.98614502450427e-16
3.34396473182287e-16
-0.000631350285523604
-2.61259055158001e-05
4.5582206174424e-06
-2.86258663479017e-07
4.3757880267325e-08
-7.75725586885168e-10
1.36791691524568e-10
9.56610001933445e-12
1.90110314424199e-12
1.33631692310131e-13
-2.35708473073138e-15
-1.40148012734545e-15
2.91965050014208e-16
-1.20887482653572e-16
-0.00369032003133338
0.000168203946822565
1.16506618579608e-05
-3.89522026258731e-07
-1.35712936325907e-08
5.7546132407736e-10
1.81580178403902e-10
-9.52191960034265e-13
2.11923553212841e-12
2.94924170523455e-15
-6.94762720713287e-15
-1.85334611699609e-16
3.14047211530693e-17
9.54350665132801e-18
-1.23026849621117e-18
0.00082323719250759
3.0130579002039e-05
-4.76645609435195e-06
2.42594074748188e-07
-2.06040656167657e-08
4.58601644785502e-10
5.3840157552375e-12
-5.3568831905814e-12
-4.79178308527554e-13
-2.81395368300692e-14
9.51431660471245e-16
2.30549482297939e-16
-2.16935764070565e-17
4.92454918084054e-18
9.25852340349436e-20
-6.76690495611423e-20
0.00335431222975913
-0.000108793998810961
-9.12849005653268e-06
2.86128672784101e-07
7.44797424041903e-09
-4.58590082366393e-10
-7.51077310279957e-11
-6.05975686207223e-13
-6.01749711272322e-13
-8.65236795127956e-15
1.40330253577308e-15
5.17723128732465e-17
-7.12645131714108e-18
-9.42855620064502e-19
1.34626270785118e-19
-2.30183859704197e-21
-6.77475934398288e-21
-0.000154386646042649
-0.000707546417074948
-0.00060167166357357
-0.000421853724315732
-6.04781297921921e-05
-0.00125154693082494
-3.71061887585248e-05
-5.21754585023456e-05
9.28190018783514e-05
0.000316978270620237
-0.000126845796123289
-4.15928270859939e-06
1.79043740254276e-06
1.19167899362481e-06
0.000547002524452669
-3.12818270083016e-05
-9.55075135957688e-07
-5.02010451370498e-06
-3.46485224151087e-07
-5.01142854792178e-09
-0.000151710186645404
-1.1209160255351e-05
1.88066850142624e-06
2.32000264731772e-07
-4.8559570139395e-08
-2.06519818948159e-08
2.28527070388385e-09
-0.00018716393777835
-1.1572777933048e-05
1.25623889038426e-06
1.51874900541642e-06
3.31654285150849e-08
-1.55996571156642e-09
-6.00784360786229e-10
-6.38387630933189e-10
0.00013181012613488
-5.55548417006975e-06
2.11312064807624e-08
-5.41221945646167e-08
-6.34718403132131e-09
1.2132585272948e-09
-1.10834763123563e-10
3.02785992701825e-11
2.29512031808461e-11
0.000102979418690209
-4.76230630246734e-08
-4.20062770729577e-07
-4.27737566390439e-07
-6.89098445863242e-09
7.62463898727666e-10
-1.13516181677905e-10
1.00139413166741e-11
-1.84490601271543e-12
-5.15758834186005e-14
-0.000100826996815741
-1.87028395072298e-06
6.83289457550263e-08
4.932086109109e-08
5.30445725147713e-10
4.22359978722691e-11
4.8995947351249e-11
-4.56724993332789e-15
-1.5221351399871e-12
-1.73467937432099e-13
2.96762834348238e-14
-4.45886702335201e-05
-4.82357229806037e-06
2.38375805672623e-07
2.18041747382241e-07
1.92848777745084e-09
-3.71749372981098e-10
3.91558233444105e-11
-1.48565011022817e-12
2.43343518383346e-13
-7.63834969781222e-14
6.77839307891213e-15
1.76611029401869e-15
8.44483950240427e-05
1.0320904011183e-06
5.31380134724012e-08
-3.01338602006077e-08
1.17996180082724e-10
-3.53583719088591e-11
-2.16705314468552e-11
4.51971657748413e-13
2.14770338109778e-13
1.13745800020704e-14
-1.35988262096949e-15
-8.99357718068393e-17
1.01995023595701e-16
5.19945631573357e-05
1.72629413875911e-06
-1.04437415681452e-07
-1.02919236489244e-07
-1.22799485632291e-09
1.35877646911794e-10
-1.32420746180383e-11
5.8980990426058e-14
-3.43189976396559e-14
9.16267378200691e-15
-2.12912081184203e-16
-1.06543057136129e-16
6.88769476037289e-18
-5.59967752278281e-19
-4.91656047799995e-05
-2.49121862222187e-06
1.44882892340782e-08
2.24870173402851e-08
-1.00966907293324e-10
-4.69116306990716e-12
7.63833546244272e-12
1.21202624274195e-14
-5.3784422146824e-14
-1.84136328334582e-15
2.28914941211236e-16
1.19641390806404e-17
-3.71260472172814e-18
6.93804269494787e-20
2.23683719233532e-19
-5.63610558152381e-06
-3.56077941425366e-06
9.04020666117895e-08
5.47198657903585e-08
4.74373211110603e-10
-7.51897380507801e-11
4.65974073907701e-12
-2.43189072075101e-14
3.81381702684321e-15
-1.48777315780867e-15
1.24051000318477e-19
1.15230960068937e-17
-6.40740673443989e-19
1.66807620666647e-20
1.16167100359786e-21
1.10864280107528e-21
