VALUES
6
246
0
1
-0.0391557863539988
-2.96928723209235e-06
0.00375640654748657
0.0148427177700986
0.00167105898908447
3.80845003468165e-05
0.000371755938456641
0.0307494
0.000413625917950024
-0.000490123739988179
-6.43092753252371e-05
4.51227856599555e-05
-0.00456599734888228
0.000441961635589938
8.84264903209225e-05
1.40396087936725e-05
1.07458402471302e-05
1.19886311472876e-06
-0.00896736657720649
0.000905916675449317
9.05780703119059e-05
2.77025499573633e-05
-1.92680576794137e-06
9.97533032070693e-08
1.67034838314692e-07
0
-1.27162953200477e-05
0.0016599337175522
2.23041961672387e-05
-0.0001301285227936
0.00176094593784136
0.000173272907576459
6.1195704797921e-06
6.48317828802245e-05
-6.73090187122053e-05
-0.000200901619846986
7.49549937713949e-06
-3.92272611876255e-06
1.29045832497298e-06
-6.60908465674332e-06
-3.6524820002164e-05
-2.0124313291383e-05
-2.45487925444004e-06
-4.83674390064698e-07
-1.1648987956949e-08
