VALUES
16
16000
1
1
-0.0495474417493
9.22687408568e-24
0.0750349141702
-0.00485608907154
0.0038407904841
0.00530818090119
-0.00950883414123
0.0127053843547
0.000272404425982
-0.0173018381385
-0.00100060414432
0.0177259636936
0.00184661794592
-0.00265180812837
-0.00230984693132
0.00431704089999
0.00148150878068
-0.00976608954026
-0.00475145130853
-0.000469568013203
0.00636756172798
0.000812420357704
-0.00555121808022
-0.0012510526304
0.00516900342067
-0.000896408093844
0.0017355924949
0.00115265313439
-0.00230675168892
-0.000852577613834
0.0035829723159
0.000474785760301
-0.006540387674
0.00224287663707
0.000426264361306
-0.00301742971121
-0.000574227654008
0.00262201744261
0.000809001822396
-0.00218491262432
-0.000964878969916
0.00229473632774
0.000482612616874
-0.00115328216301
-0.000640555537229
0.00136763109871
0.000528292292618
-0.00178614001592
-0.000386723768478
0.00240588534926
0.000274338762561
-0.00364775822117
-0.00123878888292
-0.000333946013983
0.00167529189887
0.000389330289626
-0.00147549537395
-0.000487255150487
0.00123977537993
0.00058678620394
-0.00113335599846
-0.00059831167652
0.00163490791698
-0.000280762698915
0.000798943455235
0.00038428541173
-0.000886123336738
-0.000347753443291
0.00103908314296
0.000298069590474
-0.00121973757851
-0.000261357693242
0.00140124315979
0.000263066224025
-0.0017532344922
0.000769819977011
0.000247525300554
-0.00104423863875
-0.00026270102552
0.000926996871389
0.000295116312
-0.000782543153321
-0.000338741010267
0.000683150255609
0.000368635274328
-0.000738672810566
-0.000339353404247
0.00127592409388
0.000174012511271
-0.000582548957543
-0.000244183217855
0.000620378279925
0.000236424646612
-0.000678762993766
-0.000221444994112
0.000728921058307
0.000207484097658
-0.000743125250301
-0.000213675910919
0.000713564406561
0.000245726402753
-0.000730570806064
-0.00052513713885
-0.000179684706275
0.000712957369394
0.000179252223677
-0.000633843620637
-0.000184335453445
0.000532370766431
0.000199484458222
-0.00044585425444
-0.000219269075288
0.000415386824873
0.00022715241053
-0.00049073297612
-0.000203175291436
0.000844299462223
-0.000114575423098
0.000447833661461
0.000163305606725
-0.000464580176541
-0.000164355642879
0.000485275958679
0.000160378528189
-0.000489806658074
-0.00015192292383
0.000460238191672
0.000149225362477
-0.000390851806855
-0.00016610085879
0.000297428744477
0.000196569525858
-0.000250604420705
0.000385621332412
0.000130393785713
-0.000523584236516
-0.000125075503543
0.000465059702885
0.00012035733369
-0.000387497315919
-0.000122890058422
0.000312957471091
0.000133658841994
-0.000260312261581
-0.000145949940526
0.000241103013419
0.000150527011697
-0.000264250780823
-0.000142519839845
0.000385343736701
-1.1053842987e-23
-0.0400889046724
0.00326855689006
-0.00210532354842
-0.0115376008762
0.000346640316249
0.00432774558217
-0.000693004497308
-0.00883179453151
-0.0011395972739
0.000799180877028
0.00343576234056
-0.00130642335946
-0.00582197440566
-0.000180114074563
-0.00103178690157
0.000430717680138
0.00163205215032
-0.000376243260009
-0.00162570173944
0.000501400859517
-0.000334082309953
-0.00142055141408
0.00055286444258
0.00204442585141
-0.000572451999118
-0.00225533034452
7.85563031042e-05
0.000252639122656
-0.000191911137984
-0.000295705205938
0.000178136405725
-5.91460346857e-05
-2.29390168488e-06
0.00122834517083
-0.000262643331153
0.000131555482467
0.000737463462631
-0.00022096284962
-0.00105811983175
0.000232930293705
0.00113984768435
-0.000158719412269
-0.000985301709013
-3.05975511636e-05
-2.71271997598e-05
7.6763761142e-05
-4.29635256355e-05
-7.56869012167e-05
0.000292868269703
-3.28731131047e-07
-0.000805085135784
0.000137079541805
0.00190550095007
0.00016046895209
-4.35395986564e-05
-0.000453233799751
7.69370344564e-05
0.000666854604414
-8.56462333856e-05
-0.000771931204001
5.86844341029e-05
0.000780557236989
-1.12088326409e-05
-0.000832486953544
1.09556124169e-05
-4.06490263457e-05
-3.00154873157e-05
0.000130392401698
3.65589194879e-05
-0.000306245650971
-1.48431002588e-05
0.000587845615084
-4.4282271084e-05
-0.000989390813318
0.000116933173502
0.00171382383532
-0.000110171589849
6.61142161664e-06
0.000313333017182
-1.55881300219e-05
-0.000470853131404
2.24438574029e-05
0.00057178097852
-1.80143778418e-05
-0.000631728810876
1.10226916201e-06
0.000705130602758
7.75986640506e-06
-0.00101101536539
-4.36797736034e-06
5.87432805333e-05
1.45392919558e-05
-0.00014525919944
-2.52447811788e-05
0.000277600274705
2.80563761959e-05
-0.000458528233268
-1.24104718323e-05
0.000677035688509
-2.16292823537e-05
-0.000924808731325
5.19382186188e-05
0.00133807094595
8.17507135843e-05
7.5532040501e-06
-0.000233681902743
-9.26053005919e-06
0.000355760158907
5.41570335819e-06
-0.000442880525724
-2.59880484791e-06
0.000507325859802
6.361670319e-06
-0.000579149952525
-1.1094759845e-05
0.000714295504566
-1.50390362488e-06
-0.00113523595937
3.04287134837e-06
-6.10369286506e-05
-1.14737410361e-05
0.000139253579883
2.39647530114e-05
-0.000244287496615
-3.58322090637e-05
0.000374097338609
3.8535810748e-05
-0.000516368120717
-2.72549821831e-05
0.000656095628391
7.96799901656e-06
-0.000791973827297
3.7083252947e-06
0.0010449527127
